3 pi+ 101.79794085784941 0 pi+ 784.8538366101808 0 p 1823.34822253197 0
3 pi+ 290.6685479829822 0 pi+ 149.26945634775194 0 p 2270.061995669266 0
3 pi+ 91.17264321495921 0 pi+ 2062.4765296323653 0 p 556.3508271526755 0
3 pi+ 571.890536213135 0 pi+ 1062.8663932005613 0 p 1075.2430705863037 0
3 pi+ 720.9356697697909 0 pi+ 952.1784409707399 0 p 1036.8858892594692 0
3 pi+ 885.2555615296084 0 pi+ 299.6882513467286 0 p 1525.056187123663 0
3 pi+ 1229.269474321296 0 pi+ 897.9601222277389 0 p 582.7704034509651 0
3 pi+ 552.6306009370309 0 pi+ 2140.6379851982565 0 p 16.73141386471274 0
3 pi+ 1910.1077735557174 0 pi+ 218.55668871335848 0 p 581.3355377309242 0
3 pi+ 272.5464210542563 0 pi+ 1529.075714153415 0 p 908.3778647923286 0
3 pi+ 557.9379977833802 0 pi+ 962.4852802863484 0 p 1189.5767219302713 0
3 pi+ 445.2737603149858 0 pi+ 2169.857397433365 0 p 94.86884225164943 0
3 pi+ 983.9130602181112 0 pi+ 1314.2826012371784 0 p 411.8043385447105 0
3 pi+ 1576.0759152831529 0 pi+ 899.5188880639089 0 p 234.40519665293814 0
3 pi+ 365.41968100483734 0 pi+ 702.7668509890603 0 p 1641.8134680061023 0
3 pi+ 1123.4026810267574 0 pi+ 772.1525650343935 0 p 814.4447539388492 0
3 pi+ 78.41279178859804 0 pi+ 1451.1761392670692 0 p 1180.4110689443328 0
3 pi+ 609.2162806687741 0 pi+ 968.887335912156 0 p 1131.89638341907 0
3 pi+ 277.86428296429176 0 pi+ 425.50344981356557 0 p 2006.6322672221427 0
3 pi+ 891.3174056763456 0 pi+ 1744.8447822229703 0 p 73.83781210068426 0
3 pi+ 401.64317818209565 0 pi+ 847.5395930797661 0 p 1460.8172287381383 0
3 pi+ 990.4958182385765 0 pi+ 971.9820247923619 0 p 747.5221569690616 0
3 pi+ 228.59559147850365 0 pi+ 106.09713493542007 0 p 2375.3072735860765 0
3 pi+ 1045.5954183159654 0 pi+ 21.923802395677136 0 p 1642.4807792883576 0
3 pi+ 1695.0695168878767 0 pi+ 959.8719949383776 0 p 55.058488173745666 0
3 pi+ 1808.0518000661525 0 pi+ 726.9684564300779 0 p 174.9797435037696 0
3 pi+ 2223.8702760598376 0 pi+ 158.2713524774211 0 p 327.8583714627411 0
3 pi+ 219.29958171450448 0 pi+ 735.6742381744187 0 p 1755.0261801110767 0
3 pi+ 229.6983699452809 0 pi+ 1475.349782392153 0 p 1004.9518476625661 0
3 pi+ 784.6718100169022 0 pi+ 431.6259423260651 0 p 1493.7022476570328 0
3 pi+ 1277.3173440963594 0 pi+ 1384.6743974672781 0 p 48.008258436362354 0
3 pi+ 483.6259437786524 0 pi+ 2035.8260753624756 0 p 190.54798085887202 0
3 pi+ 306.1228994795919 0 pi+ 1916.6672880323715 0 p 487.2098124880365 0
3 pi+ 719.6911706167998 0 pi+ 932.6913326309717 0 p 1057.6174967522284 0
3 pi+ 902.4761359398087 0 pi+ 1274.94408905011 0 p 532.5797750100813 0
3 pi+ 423.96274561106287 0 pi+ 99.4906646852848 0 p 2186.5465897036524 0
3 pi+ 433.94090607819743 0 pi+ 1497.3562070473508 0 p 778.7028868744517 0
3 pi+ 619.5972688102881 0 pi+ 722.588654206574 0 p 1367.814076983138 0
3 pi+ 1974.2198113568468 0 pi+ 140.22179063051027 0 p 595.558398012643 0
3 pi+ 651.5140118060449 0 pi+ 1946.9277711845639 0 p 111.5582170093911 0
3 pi+ 804.3347918894839 0 pi+ 1831.745278917923 0 p 73.91992919259305 0
3 pi+ 1765.0766643069458 0 pi+ 385.3951445460229 0 p 559.5281911470314 0
3 pi+ 1813.4005837794466 0 pi+ 650.7391256856002 0 p 245.86029053495324 0
3 pi+ 1390.9903692550486 0 pi+ 555.9030810032089 0 p 763.1065497417426 0
3 pi+ 199.52054362420833 0 pi+ 543.205154944455 0 p 1967.2743014313367 0
3 pi+ 1081.6779437897237 0 pi+ 1249.712341983774 0 p 378.6097142265024 0
3 pi+ 683.1886262855771 0 pi+ 1417.0218779662216 0 p 609.7894957482011 0
3 pi+ 1123.8520553395974 0 pi+ 1268.8152432471613 0 p 317.3327014132413 0
3 pi+ 476.0628779205726 0 pi+ 1190.7684347381555 0 p 1043.1686873412718 0
3 pi+ 571.710702664721 0 pi+ 1293.66472013153 0 p 844.624577203749 0
3 pi+ 49.15018160190044 0 pi+ 2603.2813797167855 0 p 57.56843868131395 0
3 pi+ 2026.9341582344555 0 pi+ 466.85047498751163 0 p 216.21536677803277 0
3 pi+ 37.108076897807486 0 pi+ 2377.3477188719885 0 p 295.5442042302042 0
3 pi+ 440.54108793875145 0 pi+ 1833.6623385649712 0 p 435.7965734962773 0
3 pi+ 1804.2381060906155 0 pi+ 173.21428445360908 0 p 732.5476094557755 0
3 pi+ 1577.2307824289733 0 pi+ 719.7545074850465 0 p 413.0147100859803 0
3 pi+ 1470.8860952198474 0 pi+ 1076.268534354263 0 p 162.84537042588957 0
3 pi+ 773.0945928624053 0 pi+ 668.808134087942 0 p 1268.0972730496526 0
3 pi+ 1070.0520638629202 0 pi+ 1040.3166708889637 0 p 599.6312652481162 0
3 pi+ 60.525219736365806 0 pi+ 760.919267681134 0 p 1888.5555125825003 0
3 pi+ 243.88445313423364 0 pi+ 2138.8664009615313 0 p 327.24914590423526 0
3 pi+ 982.5139627626014 0 pi+ 841.9292864128105 0 p 885.5567508245881 0
3 pi+ 1679.9525362229526 0 pi+ 445.18973036437916 0 p 584.8577334126683 0
3 pi+ 167.0017325640803 0 pi+ 391.97643996434255 0 p 2151.021827471577 0
3 pi+ 1049.3818736576545 0 pi+ 389.93908476098323 0 p 1270.679041581362 0
3 pi+ 933.9811810441657 0 pi+ 561.6312670750636 0 p 1214.3875518807706 0
3 pi+ 1922.78147928201 0 pi+ 351.82055633436937 0 p 435.3979643836206 0
3 pi+ 2326.4083211097295 0 pi+ 115.2527449726428 0 p 268.33893391762774 0
3 pi+ 1225.2931186588044 0 pi+ 1300.679637619175 0 p 184.02724372202056 0
3 pi+ 760.0109102368306 0 pi+ 1864.110073499151 0 p 85.87901626401847 0
3 pi+ 275.97902068335355 0 pi+ 2408.5756549573875 0 p 25.445324359258812 0
3 pi+ 258.34252745797056 0 pi+ 40.002093684263485 0 p 2411.6553788577658 0
3 pi+ 1780.4254193956879 0 pi+ 8.321222826332102 0 p 921.2533577779801 0
3 pi+ 1114.2247853627048 0 pi+ 912.5027320947968 0 p 683.2724825424986 0
3 pi+ 953.0985928413216 0 pi+ 241.6480583418823 0 p 1515.253348816796 0
3 pi+ 1580.1282135294452 0 pi+ 74.0115076254048 0 p 1055.8602788451499 0
3 pi+ 884.2335511091935 0 pi+ 1480.550284410058 0 p 345.2161644807485 0
3 pi+ 1490.589606011176 0 pi+ 1039.9873360320978 0 p 179.42305795672618 0
3 pi+ 282.8774867780547 0 pi+ 2403.221444321507 0 p 23.90106890043811 0
3 pi+ 2135.1109170641157 0 pi+ 153.54834554163048 0 p 421.3407373942539 0
3 pi+ 1144.963956845582 0 pi+ 1247.2950319487238 0 p 317.7410112056942 0
3 pi+ 92.26591691129572 0 pi+ 1163.7593874516704 0 p 1453.974695637034 0
3 pi+ 1348.693983897311 0 pi+ 621.571839993048 0 p 739.7341761096409 0
3 pi+ 357.66426173859617 0 pi+ 1668.3425774988436 0 p 683.9931607625603 0
3 pi+ 885.0795112249551 0 pi+ 107.23846839816746 0 p 1717.6820203768775 0
3 pi+ 693.8047670174223 0 pi+ 1850.300815786997 0 p 165.8944171955808 0
3 pi+ 370.00824049043035 0 pi+ 326.76374784713613 0 p 2013.2280116624336 0
3 pi+ 21.778489672821696 0 pi+ 1644.9653231883858 0 p 1043.2561871387925 0
3 pi+ 322.24770376995974 0 pi+ 2051.26120664363 0 p 336.4910895864102 0
3 pi+ 817.9904216892462 0 pi+ 381.49186740787195 0 p 1510.5177109028818 0
3 pi+ 941.1006778138167 0 pi+ 1538.7350149204913 0 p 230.16430726569195 0
3 pi+ 925.9451189202344 0 pi+ 313.9890671364407 0 p 1470.0658139433249 0
3 pi+ 454.28908447381326 0 pi+ 1071.3856196941572 0 p 1184.3252958320297 0
3 pi+ 234.64442191271456 0 pi+ 694.9951422822664 0 p 1780.360435805019 0
3 pi+ 980.7458651270406 0 pi+ 195.30082915899183 0 p 1533.9533057139677 0
3 pi+ 2155.177676777315 0 pi+ 536.2639307554135 0 p 18.558392467271343 0
3 pi+ 451.9075089980095 0 pi+ 2054.6625725978192 0 p 203.4299184041712 0
3 pi+ 48.773684310791126 0 pi+ 940.5434238889218 0 p 1720.682891800287 0
3 pi+ 118.88930892382075 0 pi+ 2387.7278790237738 0 p 203.38281205240548 0
3 pi+ 25.06923772727468 0 pi+ 2683.9094172367977 0 p 1.02134503592762 0