3 pi+ 229.0384455990684 0 pi+ 1681.5804788149233 0 p 799.3810755860084 0
3 pi+ 580.6490317362029 0 pi+ 568.8604830423977 0 p 1560.4904852213992 0
3 pi+ 1419.6458788022892 0 pi+ 175.32832513756438 0 p 1115.0257960601464 0
3 pi+ 1410.6155308898399 0 pi+ 111.30692386420289 0 p 1188.077545245957 0
3 pi+ 353.4324105751807 0 pi+ 1424.1427398600672 0 p 932.4248495647521 0
3 pi+ 255.9357969601622 0 pi+ 663.2713774073162 0 p 1790.7928256325215 0
3 pi+ 2133.113365296391 0 pi+ 30.931093560201695 0 p 545.9555411434073 0
3 pi+ 191.2844475123174 0 pi+ 542.1589654851026 0 p 1976.55658700258 0
3 pi+ 540.8141201128857 0 pi+ 1812.8125693550526 0 p 356.37331053206174 0
3 pi+ 1232.7961031520354 0 pi+ 1090.5309236604228 0 p 386.672973187542 0
3 pi+ 1837.5236799188017 0 pi+ 861.4149331107817 0 p 11.061386970416592 0
3 pi+ 1065.9289699620697 0 pi+ 621.3264076960212 0 p 1022.7446223419091 0
3 pi+ 1167.3392679066935 0 pi+ 996.1706266560503 0 p 546.4901054372561 0
3 pi+ 34.314575581867395 0 pi+ 2201.38117535072 0 p 474.3042490674128 0
3 pi+ 279.65019236857233 0 pi+ 2374.636515808912 0 p 55.713291822515764 0
3 pi+ 1234.5313400087782 0 pi+ 145.31438055224868 0 p 1330.1542794389732 0
3 pi+ 72.08303229320906 0 pi+ 2108.2472195562427 0 p 529.6697481505481 0
3 pi+ 1691.918995058511 0 pi+ 932.1057312918389 0 p 85.97527364965015 0
3 pi+ 1392.2037717019325 0 pi+ 102.94803548849696 0 p 1214.8481928095705 0
3 pi+ 353.4420958363486 0 pi+ 1357.168579130508 0 p 999.3893250331435 0
3 pi+ 2418.652316540711 0 pi+ 93.58213672593422 0 p 197.7655467333545 0
3 pi+ 719.3847789780069 0 pi+ 620.4932590808435 0 p 1370.1219619411497 0
3 pi+ 708.8113753704596 0 pi+ 1219.2982823818425 0 p 781.8903422476978 0
3 pi+ 73.88507069589453 0 pi+ 279.7886115416664 0 p 2356.326317762439 0
3 pi+ 2190.5925312710256 0 pi+ 60.638200278946194 0 p 458.7692684500283 0
3 pi+ 1939.1649244480216 0 pi+ 307.2216006863507 0 p 463.6134748656278 0
3 pi+ 1632.8242924679957 0 pi+ 746.4374089475971 0 p 330.7382985844072 0
3 pi+ 1419.0222885237336 0 pi+ 427.67358058941244 0 p 863.304130886854 0
3 pi+ 344.6793530086589 0 pi+ 1702.5336235737316 0 p 662.7870234176096 0
3 pi+ 559.6345836420713 0 pi+ 4.6867372738663935 0 p 2145.6786790840624 0
3 pi+ 1150.4851010015036 0 pi+ 775.0720836738235 0 p 784.442815324673 0
3 pi+ 780.6809432979289 0 pi+ 384.1683790553172 0 p 1545.1506776467538 0
3 pi+ 313.23113666477144 0 pi+ 279.38298828059055 0 p 2117.385875054638 0
3 pi+ 15.772624659707295 0 pi+ 394.6856707340897 0 p 2299.541704606203 0
3 pi+ 178.67322089362602 0 pi+ 720.1494808777511 0 p 1811.177298228623 0
3 pi+ 556.0411328988212 0 pi+ 1524.0735472185734 0 p 629.8853198826055 0
3 pi+ 428.11416879107486 0 pi+ 1674.1044153656185 0 p 607.7814158433067 0
3 pi+ 75.41846091157882 0 pi+ 962.5617716464782 0 p 1672.019767441943 0
3 pi+ 830.0765795373785 0 pi+ 153.77556924908083 0 p 1726.1478512135407 0
3 pi+ 1191.1720112760468 0 pi+ 326.5299207323863 0 p 1192.298067991567 0
3 pi+ 1814.6353662038123 0 pi+ 760.3457845225632 0 p 135.01884927362448 0
3 pi+ 1926.3890443674477 0 pi+ 215.30571577674698 0 p 568.3052398558054 0
3 pi+ 641.7036829029573 0 pi+ 1305.3043930410788 0 p 762.991924055964 0
3 pi+ 1431.0335748646744 0 pi+ 391.1060045490772 0 p 887.8604205862483 0
3 pi+ 751.2326850917364 0 pi+ 809.8451593393676 0 p 1148.9221555688962 0
3 pi+ 767.5099572428186 0 pi+ 1468.7994430950002 0 p 473.69059966218106 0
3 pi+ 1787.1696308752237 0 pi+ 685.5484034213046 0 p 237.2819657034718 0
3 pi+ 251.7339292189691 0 pi+ 1876.891126865056 0 p 581.3749439159748 0
3 pi+ 276.4193992197716 0 pi+ 2023.8704221327228 0 p 409.7101786475057 0
3 pi+ 779.6634696460214 0 pi+ 551.0622417004354 0 p 1379.2742886535432 0
3 pi+ 804.0415718174066 0 pi+ 271.7973286160259 0 p 1634.1610995665676 0
3 pi+ 1792.4846676912266 0 pi+ 78.35849462272688 0 p 839.1568376860464 0
3 pi+ 363.4271525869518 0 pi+ 1854.5600820773525 0 p 492.0127653356957 0
3 pi+ 1770.14073250479 0 pi+ 635.7508432974987 0 p 304.1084241977111 0
3 pi+ 168.19580658464676 0 pi+ 783.5027997691966 0 p 1758.3013936461566 0
3 pi+ 1652.9384887579354 0 pi+ 260.4630262403483 0 p 796.5984850017162 0
3 pi+ 510.1148149202061 0 pi+ 906.188377944399 0 p 1293.696807135395 0
3 pi+ 1103.0237727168574 0 pi+ 1021.4879297683423 0 p 585.4882975148004 0
3 pi+ 2034.7735263924924 0 pi+ 132.1139779869839 0 p 543.1124956205236 0
3 pi+ 1536.9619747871955 0 pi+ 66.75865652089978 0 p 1106.2793686919047 0
3 pi+ 2209.1945099656687 0 pi+ 485.6006881675905 0 p 15.204801866740958 0
3 pi+ 858.2193976108695 0 pi+ 288.71684257913654 0 p 1563.063759809994 0
3 pi+ 804.8615787444146 0 pi+ 931.0387517033228 0 p 974.0996695522626 0
3 pi+ 1760.083515715906 0 pi+ 297.30303855512005 0 p 652.6134457289738 0
3 pi+ 1670.0272042754718 0 pi+ 170.45962432011837 0 p 869.5131714044097 0
3 pi+ 98.54692244500102 0 pi+ 1719.0858864112822 0 p 892.3671911437168 0
3 pi+ 73.8295835367083 0 pi+ 358.65489858672595 0 p 2277.515517876566 0
3 pi+ 1164.239122373245 0 pi+ 177.7315483739127 0 p 1368.0293292528424 0
3 pi+ 1438.7914549040277 0 pi+ 14.181285597803047 0 p 1257.027259498169 0
3 pi+ 1785.549458590137 0 pi+ 436.84149356209105 0 p 487.60904784777193 0
3 pi+ 1614.6249679759833 0 pi+ 446.24425816542987 0 p 649.1307738585868 0
3 pi+ 899.9273047424115 0 pi+ 1096.6336803803788 0 p 713.4390148772098 0
3 pi+ 644.5858127736608 0 pi+ 462.52751166035983 0 p 1602.8866755659794 0
3 pi+ 317.61264008942055 0 pi+ 582.6736967653509 0 p 1809.7136631452286 0
3 pi+ 678.6008695520371 0 pi+ 985.4456576596762 0 p 1045.9534727882867 0
3 pi+ 1298.6861818614948 0 pi+ 863.692505150806 0 p 547.6213129876992 0
3 pi+ 342.39155999933695 0 pi+ 261.73090246611247 0 p 2105.877537534551 0
3 pi+ 160.90453865772173 0 pi+ 1917.7559184632526 0 p 631.3395428790257 0
3 pi+ 1983.173785584724 0 pi+ 705.1940095965792 0 p 21.632204818696657 0
3 pi+ 792.7623639051745 0 pi+ 459.0550458661671 0 p 1458.1825902286585 0
3 pi+ 2128.4250871765394 0 pi+ 292.5093247197421 0 p 289.06558810371837 0
3 pi+ 564.797509099657 0 pi+ 32.53012469023279 0 p 2112.6723662101103 0
3 pi+ 389.03176169786263 0 pi+ 1255.6852713662781 0 p 1065.2829669358593 0
3 pi+ 1649.302149991626 0 pi+ 456.0387974606219 0 p 604.6590525477521 0
3 pi+ 2030.9969054796602 0 pi+ 364.1267971880315 0 p 314.8762973323083 0
3 pi+ 468.45892863626756 0 pi+ 563.2248876404168 0 p 1678.3161837233156 0
3 pi+ 1868.982650014546 0 pi+ 731.2176033949764 0 p 109.79974659047778 0
3 pi+ 926.2971970674184 0 pi+ 455.9532244533835 0 p 1327.7495784791981 0
3 pi+ 1320.4895139079217 0 pi+ 1063.736386995179 0 p 325.7740990968994 0
3 pi+ 538.889375353588 0 pi+ 176.49532312798968 0 p 1994.6153015184225 0
3 pi+ 1196.4905062691614 0 pi+ 472.2053340433417 0 p 1041.3041596874968 0
3 pi+ 633.762258091329 0 pi+ 1098.0179506954769 0 p 978.2197912131941 0
3 pi+ 2506.341994914444 0 pi+ 85.2189819281968 0 p 118.43902315735926 0
3 pi+ 2348.786849501104 0 pi+ 25.555423970624506 0 p 335.65772652827144 0
3 pi+ 1294.5963430406416 0 pi+ 1238.9657388317114 0 p 176.43791812764718 0
3 pi+ 1255.6164700238353 0 pi+ 618.2152238480477 0 p 836.1683061281171 0
3 pi+ 40.306493498690074 0 pi+ 1703.5563469638112 0 p 966.1371595374989 0
3 pi+ 1492.2390015236842 0 pi+ 352.2258151464771 0 p 865.5351833298388 0
3 pi+ 2567.4980930184133 0 pi+ 15.802071128391585 0 p 126.69983585319488 0
3 pi+ 1337.3007242624835 0 pi+ 573.9240118637687 0 p 798.7752638737478 0