3 pi+ 411.9000937382727 0 pi+ 903.8336636505032 0 p 1394.266242611224 0
3 pi+ 1351.1191809141783 0 pi+ 1292.6110549845698 0 p 66.26976410125182 0
3 pi+ 749.5161628154145 0 pi+ 1216.872136639422 0 p 743.6117005451634 0
3 pi+ 2196.633189627501 0 pi+ 393.3309901321826 0 p 120.03582024031648 0
3 pi+ 979.4422143918023 0 pi+ 255.7762166417515 0 p 1474.7815689664462 0
3 pi+ 1247.5529681663754 0 pi+ 1058.030658497728 0 p 404.4163733358967 0
3 pi+ 776.9241081407956 0 pi+ 824.3728268315797 0 p 1108.7030650276247 0
3 pi+ 76.46777827299778 0 pi+ 1094.7146034369503 0 p 1538.817618290052 0
3 pi+ 1807.6988056926652 0 pi+ 141.22448359483974 0 p 761.0767107124951 0
3 pi+ 192.03822923283363 0 pi+ 1749.0959092415176 0 p 768.8658615256488 0
3 pi+ 368.2244843422996 0 pi+ 2078.1052910818485 0 p 263.6702245758517 0
3 pi+ 740.248905951222 0 pi+ 1391.5143915880478 0 p 578.2367024607303 0
3 pi+ 361.7738125888575 0 pi+ 135.17262256311324 0 p 2213.053564848029 0
3 pi+ 1574.5777039693537 0 pi+ 484.03843436992696 0 p 651.3838616607194 0
3 pi+ 700.1788189756259 0 pi+ 1351.144112497263 0 p 658.6770685271113 0
3 pi+ 1872.2876848362453 0 pi+ 383.0292599138574 0 p 454.6830552498973 0
3 pi+ 1267.1366646448428 0 pi+ 654.0450356741931 0 p 788.8182996809643 0
3 pi+ 680.1906046606239 0 pi+ 1093.610957897997 0 p 936.1984374413792 0
3 pi+ 940.3078725787514 0 pi+ 211.44036580041788 0 p 1558.2517616208308 0
3 pi+ 1274.4677493208653 0 pi+ 1091.5670676909508 0 p 343.96518298818376 0
3 pi+ 320.79313411309215 0 pi+ 981.1727216516888 0 p 1408.0341442352192 0
3 pi+ 51.25831235967603 0 pi+ 2360.7026415860137 0 p 298.0390460543103 0
3 pi+ 41.29665220094321 0 pi+ 654.5427771673286 0 p 2014.1605706317282 0
3 pi+ 922.7449944110964 0 pi+ 185.1824890051662 0 p 1602.0725165837375 0
3 pi+ 111.73638644838411 0 pi+ 1123.7107942335601 0 p 1474.5528193180558 0
3 pi+ 653.6676457989073 0 pi+ 70.60010892443415 0 p 1985.7322452766587 0
3 pi+ 1302.437658940615 0 pi+ 285.81412552667484 0 p 1121.7482155327102 0
3 pi+ 932.5574942070425 0 pi+ 1242.2293697899463 0 p 535.2131360030112 0
3 pi+ 131.77207031377998 0 pi+ 1004.3902908729452 0 p 1573.837638813275 0
3 pi+ 1586.6630605318337 0 pi+ 284.8170164687213 0 p 838.519922999445 0
3 pi+ 303.071176325755 0 pi+ 2107.0589904543044 0 p 299.86983321994063 0
3 pi+ 1158.4429602627001 0 pi+ 815.5137784977467 0 p 736.0432612395532 0
3 pi+ 1598.691998566135 0 pi+ 100.53048406890905 0 p 1010.777517364956 0
3 pi+ 1488.9265271502236 0 pi+ 1156.0380418255047 0 p 65.0354310242716 0
3 pi+ 1203.3674876963164 0 pi+ 263.12479375837574 0 p 1243.5077185453079 0
3 pi+ 62.37125469867829 0 pi+ 1950.0080670192187 0 p 697.620678282103 0
3 pi+ 2024.1799244673882 0 pi+ 604.6548736416995 0 p 81.16520189091233 0
3 pi+ 362.7216964349785 0 pi+ 650.8362097477249 0 p 1696.4420938172966 0
3 pi+ 1920.3444217386566 0 pi+ 242.08104886637685 0 p 547.5745293949666 0
3 pi+ 377.75197387645363 0 pi+ 87.87190033179873 0 p 2244.3761257917477 0
3 pi+ 664.0057835809841 0 pi+ 158.77987763575123 0 p 1887.2143387832646 0
3 pi+ 828.1062389285455 0 pi+ 651.9090536230301 0 p 1229.9847074484244 0
3 pi+ 1569.195377470873 0 pi+ 616.8194531934035 0 p 523.9851693357236 0
3 pi+ 2418.9953646363942 0 pi+ 115.5714613141248 0 p 175.4331740494809 0
3 pi+ 129.728916047531 0 pi+ 1528.3386454611307 0 p 1051.9324384913382 0
3 pi+ 869.3982743193072 0 pi+ 34.84824553063801 0 p 1805.7534801500549 0
3 pi+ 242.42841124455893 0 pi+ 215.4950206776836 0 p 2252.0765680777577 0
3 pi+ 215.12098083158062 0 pi+ 147.22661770689646 0 p 2347.652401461523 0
3 pi+ 1469.8703093413096 0 pi+ 72.13011248453493 0 p 1167.9995781741554 0
3 pi+ 271.2201299869496 0 pi+ 1801.112789347034 0 p 637.6670806660164 0
3 pi+ 312.1961712472303 0 pi+ 1097.3708642305285 0 p 1300.432964522241 0
3 pi+ 657.6763268637619 0 pi+ 1853.7332925322396 0 p 198.5903806039984 0
3 pi+ 1121.3998996442472 0 pi+ 718.7266114740929 0 p 869.8734888816599 0
3 pi+ 353.5349858140861 0 pi+ 1595.6136831046072 0 p 760.8513310813067 0
3 pi+ 1189.8717361571953 0 pi+ 693.3707328564461 0 p 826.7575309863586 0
3 pi+ 1795.5498483925223 0 pi+ 877.8918249508768 0 p 36.558326656600826 0
3 pi+ 372.1754530775238 0 pi+ 1970.6929801124538 0 p 367.13156681002226 0
3 pi+ 504.0202111752882 0 pi+ 2127.231847039593 0 p 78.74794178511854 0
3 pi+ 480.3672525405072 0 pi+ 297.0533611444154 0 p 1932.5793863150775 0
3 pi+ 1619.9528845590646 0 pi+ 579.6045516670747 0 p 510.4425637738606 0
3 pi+ 199.08108874324788 0 pi+ 897.3631625183244 0 p 1613.5557487384276 0
3 pi+ 286.4725362555721 0 pi+ 2035.9550287847312 0 p 387.57243495969664 0
3 pi+ 186.10321035187317 0 pi+ 1955.779849516726 0 p 568.1169401314007 0
3 pi+ 366.4021017482813 0 pi+ 1170.1645296697982 0 p 1173.4333685819206 0
3 pi+ 968.8553289974302 0 pi+ 716.8764792943659 0 p 1024.2681917082039 0
3 pi+ 643.3610752422161 0 pi+ 1562.2223417228945 0 p 504.4165830348895 0
3 pi+ 1340.3517172990457 0 pi+ 7.851159297815148 0 p 1361.797123403139 0
3 pi+ 63.99569030313897 0 pi+ 2575.7737009282578 0 p 70.23060876860312 0
3 pi+ 327.3913037989009 0 pi+ 536.0212862532584 0 p 1846.5874099478408 0
3 pi+ 171.40095331336 0 pi+ 101.68378708655926 0 p 2436.915259600081 0
3 pi+ 718.781216537146 0 pi+ 1142.4568732423747 0 p 848.7619102204793 0
3 pi+ 1912.7708238413734 0 pi+ 351.97820912328456 0 p 445.25096703534206 0
3 pi+ 1166.7125764087536 0 pi+ 481.38679268330134 0 p 1061.900630907945 0
3 pi+ 285.71110021713343 0 pi+ 809.8446676174668 0 p 1614.4442321653996 0
3 pi+ 614.7912947018206 0 pi+ 505.5087819921409 0 p 1589.6999233060385 0
3 pi+ 272.6801933239402 0 pi+ 254.34743337152065 0 p 2182.9723733045394 0
3 pi+ 2558.086763958395 0 pi+ 4.628137666756001 0 p 147.28509837484907 0
3 pi+ 613.8061262579635 0 pi+ 808.5305843503215 0 p 1287.663289391715 0
3 pi+ 1991.4437379123465 0 pi+ 470.38898480224395 0 p 248.1672772854096 0
3 pi+ 1885.56917064383 0 pi+ 21.04984358424972 0 p 803.3809857719202 0
3 pi+ 2030.23372641585 0 pi+ 196.3918295156293 0 p 483.3744440685207 0
3 pi+ 617.7124233176709 0 pi+ 840.7847911294459 0 p 1251.5027855528833 0
3 pi+ 115.33389995399733 0 pi+ 303.63056518510444 0 p 2291.035534860898 0
3 pi+ 2223.3026013945328 0 pi+ 60.54449844714458 0 p 426.1529001583225 0
3 pi+ 336.79386919990446 0 pi+ 2035.506527163271 0 p 337.6996036368246 0
3 pi+ 1285.975538900025 0 pi+ 725.03003111174 0 p 698.9944299882352 0
3 pi+ 1354.1243652759033 0 pi+ 392.31585207181706 0 p 963.5597826522798 0
3 pi+ 1906.0792341304698 0 pi+ 111.66797586006969 0 p 692.2527900094606 0
3 pi+ 316.7674908638058 0 pi+ 449.4009280627965 0 p 1943.8315810733977 0
3 pi+ 274.62190564046864 0 pi+ 206.22195658395316 0 p 2229.1561377755784 0
3 pi+ 474.4174894228361 0 pi+ 1833.1866926691741 0 p 402.3958179079897 0
3 pi+ 1641.4943821999843 0 pi+ 822.2618638922985 0 p 246.24375390771715 0
3 pi+ 1525.1689806832335 0 pi+ 741.0886107853411 0 p 443.74240853142555 0
3 pi+ 1059.150926335478 0 pi+ 879.6956816549967 0 p 771.1533920095251 0
3 pi+ 26.534629777768913 0 pi+ 1615.7408068572386 0 p 1067.7245633649925 0
3 pi+ 857.5949615327432 0 pi+ 73.02330704537553 0 p 1779.381731421881 0
3 pi+ 252.22442978358845 0 pi+ 1580.205588198253 0 p 877.5699820181584 0
3 pi+ 401.97229201851485 0 pi+ 1410.2058618182216 0 p 897.8218461632636 0
3 pi+ 2521.5344437461235 0 pi+ 28.00056300292169 0 p 160.46499325095482 0
3 pi+ 80.88809296377038 0 pi+ 2577.0183453955265 0 p 52.09356164070324 0