3 pi+ 1755.2147776684287 0 pi+ 100.37773958832575 0 p 854.4074827432454 0
3 pi+ 478.23168446262355 0 pi+ 1744.2610762565487 0 p 487.5072392808277 0
3 pi+ 1427.9647786610021 0 pi+ 794.3316222251647 0 p 487.70359911383315 0
3 pi+ 1720.1169915853068 0 pi+ 913.803579414945 0 p 76.07942899974813 0
3 pi+ 234.19676416466115 0 pi+ 925.2285117748029 0 p 1550.574724060536 0
3 pi+ 2274.3615031220384 0 pi+ 265.8845281488041 0 p 169.75396872915752 0
3 pi+ 296.29055291406905 0 pi+ 278.48328883607013 0 p 2135.226158249861 0
3 pi+ 598.8484190902856 0 pi+ 840.4239783581759 0 p 1270.7276025515384 0
3 pi+ 956.7336515184513 0 pi+ 1404.5096992658216 0 p 348.756649215727 0
3 pi+ 827.4605135860434 0 pi+ 547.388600025853 0 p 1335.1508863881038 0
3 pi+ 1168.1735660013785 0 pi+ 1090.774025277564 0 p 451.0524087210574 0
3 pi+ 936.6481878492258 0 pi+ 1050.2902680747543 0 p 723.0615440760198 0
3 pi+ 1447.7627866711807 0 pi+ 1010.7162627270377 0 p 251.52095060178164 0
3 pi+ 264.5048032073621 0 pi+ 62.61053235479385 0 p 2382.884664437844 0
3 pi+ 407.2427734680947 0 pi+ 778.4031925644096 0 p 1524.3540339674958 0
3 pi+ 1167.7423588059344 0 pi+ 1435.601787066323 0 p 106.65585412774267 0
3 pi+ 110.92544403396917 0 pi+ 898.2538749703212 0 p 1700.8206809957096 0
3 pi+ 909.8209449005619 0 pi+ 188.3138011420113 0 p 1611.8652539574268 0
3 pi+ 1402.2475792180505 0 pi+ 1076.5336524014997 0 p 231.21876838044975 0
3 pi+ 2052.6990006575597 0 pi+ 228.81841544514285 0 p 428.4825838972974 0
3 pi+ 1798.603613154779 0 pi+ 92.33668263688129 0 p 819.0597042083398 0
3 pi+ 1572.1076054101359 0 pi+ 225.08457381859265 0 p 912.8078207712715 0
3 pi+ 2611.0009368151777 0 pi+ 24.23817403850836 0 p 74.76088914631377 0
3 pi+ 1136.0077954035226 0 pi+ 1408.9014935126618 0 p 165.09071108381562 0
3 pi+ 760.225918906554 0 pi+ 1494.05820698041 0 p 455.7158741130359 0
3 pi+ 1091.6319888933115 0 pi+ 714.5472254220435 0 p 903.820785684645 0
3 pi+ 659.8317296390784 0 pi+ 247.76463402377553 0 p 1802.403636337146 0
3 pi+ 323.79889027071584 0 pi+ 646.3214833990781 0 p 1739.879626330206 0
3 pi+ 1111.0975927084799 0 pi+ 733.2354145915513 0 p 865.666992699969 0
3 pi+ 196.45167201681073 0 pi+ 1579.6549210587375 0 p 933.8934069244517 0
3 pi+ 469.9443296067896 0 pi+ 262.2378607606644 0 p 1977.817809632546 0
3 pi+ 543.3020239472587 0 pi+ 740.7380297670104 0 p 1425.959946285731 0
3 pi+ 380.7711769348009 0 pi+ 2108.1700202371676 0 p 221.05880282803156 0
3 pi+ 1958.0260167107067 0 pi+ 418.7977247413615 0 p 333.17625854793187 0
3 pi+ 511.5424533686718 0 pi+ 2058.861793262559 0 p 139.59575336876915 0
3 pi+ 731.0419282070934 0 pi+ 1744.6890149339902 0 p 234.26905685891634 0
3 pi+ 688.4452161128258 0 pi+ 1085.0713642852656 0 p 936.4834196019086 0
3 pi+ 849.584581711889 0 pi+ 118.23204817717779 0 p 1742.183370110933 0
3 pi+ 315.6007301826862 0 pi+ 525.047716851562 0 p 1869.3515529657518 0
3 pi+ 793.2980820324277 0 pi+ 707.8056164953166 0 p 1208.8963014722558 0
3 pi+ 2037.9040945703096 0 pi+ 465.73085062062853 0 p 206.36505480906203 0
3 pi+ 162.30344227252698 0 pi+ 17.157826446552228 0 p 2530.5387312809207 0
3 pi+ 970.9435156936644 0 pi+ 74.36079492415598 0 p 1664.6956893821796 0
3 pi+ 1858.1238153536012 0 pi+ 530.398824860012 0 p 321.4773597863866 0
3 pi+ 409.3800311719986 0 pi+ 1063.8505630308198 0 p 1236.7694057971814 0
3 pi+ 944.8314654707184 0 pi+ 808.8184251403404 0 p 956.3501093889412 0
3 pi+ 828.5198022179906 0 pi+ 401.3103355440808 0 p 1480.1698622379286 0
3 pi+ 1060.6317309895103 0 pi+ 1497.963551245682 0 p 151.40471776480769 0
3 pi+ 802.8603604633856 0 pi+ 186.96641806144845 0 p 1720.173221475166 0
3 pi+ 496.83939989688395 0 pi+ 891.0814226728443 0 p 1322.0791774302718 0
3 pi+ 867.8150424884144 0 pi+ 913.3467103667759 0 p 928.8382471448097 0
3 pi+ 517.4324497431888 0 pi+ 935.0296030444691 0 p 1257.537947212342 0
3 pi+ 719.8500558717195 0 pi+ 238.1522951214834 0 p 1751.997649006797 0
3 pi+ 379.2641915101645 0 pi+ 145.73855411834327 0 p 2184.997254371492 0
3 pi+ 1954.7145726935348 0 pi+ 600.8509684056618 0 p 154.43445890080332 0
3 pi+ 1698.2375568837112 0 pi+ 465.7794403011957 0 p 545.983002815093 0
3 pi+ 428.4790847885306 0 pi+ 1388.300240591255 0 p 893.2206746202143 0
3 pi+ 1082.7582436544249 0 pi+ 401.17536997895536 0 p 1226.0663863666198 0
3 pi+ 419.7308721121275 0 pi+ 500.72419803751075 0 p 1789.5449298503618 0
3 pi+ 399.4576071837941 0 pi+ 344.59744451867465 0 p 1965.9449482975313 0
3 pi+ 530.5767719453247 0 pi+ 1821.2025628620445 0 p 358.22066519263075 0
3 pi+ 2479.4589226210464 0 pi+ 78.34251105976472 0 p 152.19856631918873 0
3 pi+ 734.8450208414578 0 pi+ 687.0245182846803 0 p 1288.130460873862 0
3 pi+ 968.9640404529193 0 pi+ 660.4159001912111 0 p 1080.6200593558697 0
3 pi+ 20.06089658379986 0 pi+ 140.28227913165253 0 p 2549.656824284548 0
3 pi+ 1136.7424839305966 0 pi+ 514.856803522282 0 p 1058.4007125471214 0
3 pi+ 295.691253671674 0 pi+ 2029.8790050458083 0 p 384.42974128251774 0
3 pi+ 2186.3227594831606 0 pi+ 493.2079820585184 0 p 30.469258458321164 0
3 pi+ 1097.7263326869872 0 pi+ 1478.6296100058037 0 p 133.64405730720915 0
3 pi+ 412.5012192534512 0 pi+ 356.74165048955985 0 p 1940.757130256989 0
3 pi+ 492.45318465882633 0 pi+ 1769.2036202326585 0 p 448.3431951085151 0
3 pi+ 1691.1063581868818 0 pi+ 342.72546235386193 0 p 676.1681794592563 0
3 pi+ 592.0435547794707 0 pi+ 1135.8019382291068 0 p 982.1545069914226 0
3 pi+ 1169.684924714152 0 pi+ 1216.2399284282005 0 p 324.0751468576474 0
3 pi+ 569.706918462124 0 pi+ 1741.495034404679 0 p 398.798047133197 0
3 pi+ 207.11443702184303 0 pi+ 708.9410017875293 0 p 1793.9445611906276 0
3 pi+ 206.50016608140854 0 pi+ 321.0099171222304 0 p 2182.4899167963613 0
3 pi+ 799.2908241457624 0 pi+ 838.6071205147804 0 p 1072.1020553394571 0
3 pi+ 594.3521083272833 0 pi+ 447.4048640952156 0 p 1668.2430275775012 0
3 pi+ 649.291335603145 0 pi+ 1173.4556311728604 0 p 887.2530332239947 0
3 pi+ 1903.3653609625305 0 pi+ 196.12427730948554 0 p 610.510361727984 0
3 pi+ 788.7359170652629 0 pi+ 695.1062069199269 0 p 1226.1578760148102 0
3 pi+ 750.3410218908604 0 pi+ 668.4606261570418 0 p 1291.198351952098 0
3 pi+ 991.3671577192084 0 pi+ 915.5222885012562 0 p 803.1105537795354 0
3 pi+ 1718.4221329254785 0 pi+ 957.9122193100752 0 p 33.665647764446206 0
3 pi+ 1842.9411288452316 0 pi+ 228.23389258387795 0 p 638.8249785708905 0
3 pi+ 227.6691057970403 0 pi+ 1033.587331128227 0 p 1448.7435630747327 0
3 pi+ 661.6261480664903 0 pi+ 555.9940201096236 0 p 1492.379831823886 0
3 pi+ 129.7762070157982 0 pi+ 231.40846354439884 0 p 2348.815329439803 0
3 pi+ 1396.4464432761472 0 pi+ 1192.3061138883 0 p 121.24744283555277 0
3 pi+ 709.3463798845648 0 pi+ 1189.166822315794 0 p 811.4867977996412 0
3 pi+ 330.33585033819674 0 pi+ 1606.2356481535617 0 p 773.4285015082417 0
3 pi+ 654.6492959440768 0 pi+ 1007.5795670812164 0 p 1047.7711369747067 0
3 pi+ 175.5021015313474 0 pi+ 1628.4711056658143 0 p 906.0267928028383 0
3 pi+ 339.7533155600957 0 pi+ 529.793333127067 0 p 1840.4533513128374 0
3 pi+ 1441.3732254264814 0 pi+ 645.8612688275027 0 p 622.7655057460158 0
3 pi+ 502.9009426260119 0 pi+ 127.7941892915209 0 p 2079.3048680824672 0
3 pi+ 1641.9894687530177 0 pi+ 356.34637784199475 0 p 711.6641534049875 0
3 pi+ 2266.684421493657 0 pi+ 268.46318272852614 0 p 174.85239577781687 0
3 pi+ 218.62516280962555 0 pi+ 949.6672612492646 0 p 1541.70757594111 0