3 pi+ 594.1545022692134 0 pi+ 2084.5913738002114 0 p 31.254123930575133 0
3 pi+ 1083.6698252655658 0 pi+ 1148.703309928506 0 p 477.626864805928 0
3 pi+ 213.85930239549052 0 pi+ 273.1052266975029 0 p 2223.0354709070066 0
3 pi+ 845.7587284469557 0 pi+ 481.1379465006631 0 p 1383.1033250523813 0
3 pi+ 544.0494103501543 0 pi+ 683.238494049928 0 p 1482.7120955999176 0
3 pi+ 815.4609359782328 0 pi+ 1474.9738044533965 0 p 419.5652595683707 0
3 pi+ 248.65320522950785 0 pi+ 1479.0076383366788 0 p 982.3391564338133 0
3 pi+ 464.68948733394484 0 pi+ 1618.121011941214 0 p 627.1895007248412 0
3 pi+ 226.42716336148158 0 pi+ 1945.307844525435 0 p 538.2649921130834 0
3 pi+ 1321.0837404589602 0 pi+ 1294.123354483835 0 p 94.79290505720473 0
3 pi+ 419.29278334599667 0 pi+ 93.10460646951789 0 p 2197.6026101844855 0
3 pi+ 1488.6623763003486 0 pi+ 819.6727650546069 0 p 401.66485864504443 0
3 pi+ 445.32154362050085 0 pi+ 677.6493349615091 0 p 1587.0291214179902 0
3 pi+ 779.5936894082042 0 pi+ 60.897589859124075 0 p 1869.5087207326717 0
3 pi+ 464.00406902171864 0 pi+ 1760.7051803788531 0 p 485.2907505994283 0
3 pi+ 165.9836905423596 0 pi+ 601.9252090377315 0 p 1942.0911004199088 0
3 pi+ 1152.3044613048573 0 pi+ 736.1376753389088 0 p 821.5578633562338 0
3 pi+ 291.33513772889563 0 pi+ 1404.6870733944038 0 p 1013.9777888767005 0
3 pi+ 734.9272630949649 0 pi+ 1848.9104401174025 0 p 126.16229678763263 0
3 pi+ 2045.781525627244 0 pi+ 239.57529534802546 0 p 424.64317902473056 0
3 pi+ 95.42936123789882 0 pi+ 1794.8368780284216 0 p 819.7337607336797 0
3 pi+ 1825.9552493571623 0 pi+ 776.5127303309947 0 p 107.5320203118431 0
3 pi+ 67.19506806421485 0 pi+ 36.4345312790984 0 p 2606.370400656687 0
3 pi+ 1484.189329816669 0 pi+ 79.48390174344445 0 p 1146.3267684398866 0
3 pi+ 160.5332971712634 0 pi+ 318.5733944049507 0 p 2230.893308423786 0
3 pi+ 2263.444887445285 0 pi+ 360.8742571136267 0 p 85.68085544108803 0
3 pi+ 1299.4099210893735 0 pi+ 122.99795889671915 0 p 1287.5921200139073 0
3 pi+ 1560.5170243860962 0 pi+ 124.1896532701243 0 p 1025.2933223437797 0
3 pi+ 645.4528075753261 0 pi+ 1758.7752690975935 0 p 305.7719233270803 0
3 pi+ 639.4514265268338 0 pi+ 1715.9532307494162 0 p 354.5953427237501 0
3 pi+ 1040.1035609397406 0 pi+ 46.92347843007286 0 p 1622.9729606301867 0
3 pi+ 1959.6505132262423 0 pi+ 305.12846708193325 0 p 445.22101969182455 0
3 pi+ 806.3124294331586 0 pi+ 307.843760771312 0 p 1595.8438097955293 0
3 pi+ 1023.4964384150118 0 pi+ 1564.164576298321 0 p 122.3389852866672 0
3 pi+ 793.6626751658584 0 pi+ 602.3366054112877 0 p 1314.0007194228538 0
3 pi+ 266.7024786461425 0 pi+ 1343.206558322265 0 p 1100.0909630315925 0
3 pi+ 478.904683280893 0 pi+ 1992.6108089933944 0 p 238.4845077257127 0
3 pi+ 1443.28101403528 0 pi+ 1071.268550470327 0 p 195.45043549439305 0
3 pi+ 190.75408797717026 0 pi+ 1945.237202570985 0 p 574.0087094518448 0
3 pi+ 1914.5166537118355 0 pi+ 324.3365547584077 0 p 471.1467915297568 0
3 pi+ 274.9292332250318 0 pi+ 2408.360317652388 0 p 26.710449122580286 0
3 pi+ 179.95899910774335 0 pi+ 59.53892588022535 0 p 2470.502075012031 0
3 pi+ 1510.6880536421097 0 pi+ 551.3834017789301 0 p 647.9285445789601 0
3 pi+ 241.2980789837947 0 pi+ 536.3620467820297 0 p 1932.3398742341756 0
3 pi+ 802.0384482934695 0 pi+ 13.978390174816546 0 p 1893.983161531714 0
3 pi+ 1134.586399105252 0 pi+ 1003.6961740122421 0 p 571.7174268825058 0
3 pi+ 453.1682642335268 0 pi+ 621.9649275286715 0 p 1634.8668082378017 0
3 pi+ 1275.6552462570676 0 pi+ 613.8137333279312 0 p 820.5310204150013 0
3 pi+ 1609.2703517680843 0 pi+ 252.3795474862087 0 p 848.350100745707 0
3 pi+ 240.23882898898003 0 pi+ 819.8293801430112 0 p 1649.9317908680086 0
3 pi+ 132.70418575313695 0 pi+ 7.980307550847645 0 p 2569.3155066960153 0
3 pi+ 519.1243043989632 0 pi+ 723.867671843716 0 p 1467.0080237573209 0
3 pi+ 1772.1370545371344 0 pi+ 757.3365430212269 0 p 180.52640244163862 0
3 pi+ 469.41950790413125 0 pi+ 377.31559172503825 0 p 1863.2649003708304 0
3 pi+ 1360.2757810678975 0 pi+ 1347.246679099954 0 p 2.477539832148472 0
3 pi+ 659.708346590437 0 pi+ 1588.4536981887175 0 p 461.83795522084546 0
3 pi+ 115.83790644489945 0 pi+ 1569.8440146242906 0 p 1024.3180789308099 0
3 pi+ 471.67534983853625 0 pi+ 1049.365447022669 0 p 1188.9592031387947 0
3 pi+ 1718.9655960449506 0 pi+ 329.7626260258233 0 p 661.2717779292261 0
3 pi+ 2122.248707104455 0 pi+ 581.4367599928864 0 p 6.314532902658173 0
3 pi+ 318.9843382545302 0 pi+ 1444.783918221317 0 p 946.2317435241528 0
3 pi+ 102.58570722169758 0 pi+ 2295.9093659615355 0 p 311.5049268167668 0
3 pi+ 2246.940411627974 0 pi+ 84.2990512793432 0 p 378.76053709268285 0
3 pi+ 483.8727889445339 0 pi+ 227.57538324565203 0 p 1998.551827809814 0
3 pi+ 829.6012594528568 0 pi+ 1375.2385442471732 0 p 505.16019629997004 0
3 pi+ 1700.6091798359207 0 pi+ 391.4654330274037 0 p 617.9253871366757 0
3 pi+ 1029.9327739229468 0 pi+ 977.6833410447751 0 p 702.3838850322782 0
3 pi+ 790.165312497812 0 pi+ 239.22361494028854 0 p 1680.6110725618994 0
3 pi+ 944.7016583634327 0 pi+ 1288.9771715024717 0 p 476.32117013409555 0
3 pi+ 412.1099574443738 0 pi+ 1734.3766693328353 0 p 563.5133732227911 0
3 pi+ 0.994134606827769 0 pi+ 1145.3188428999247 0 p 1563.6870224932475 0
3 pi+ 233.8854101999026 0 pi+ 1609.9614801023868 0 p 866.1531096977106 0
3 pi+ 1328.7304389457677 0 pi+ 822.570288500301 0 p 558.6992725539312 0
3 pi+ 1446.438058473403 0 pi+ 631.9297893467941 0 p 631.6321521798028 0
3 pi+ 65.7348677557944 0 pi+ 812.8875754125318 0 p 1831.377556831674 0
3 pi+ 1951.0197460914787 0 pi+ 568.0385262108592 0 p 190.94172769766212 0
3 pi+ 1216.5452032891096 0 pi+ 324.4240990939804 0 p 1169.03069761691 0
3 pi+ 64.43860510774178 0 pi+ 387.99161192030374 0 p 2257.5697829719543 0
3 pi+ 586.7670236959895 0 pi+ 541.2604105973569 0 p 1581.9725657066535 0
3 pi+ 497.2250961471502 0 pi+ 1075.5831320512293 0 p 1137.1917718016205 0
3 pi+ 27.654959045408106 0 pi+ 71.72794621851675 0 p 2610.617094736075 0
3 pi+ 751.0651699315144 0 pi+ 871.0568524374007 0 p 1087.8779776310848 0
3 pi+ 237.06059750431533 0 pi+ 2145.228504451613 0 p 327.71089804407154 0
3 pi+ 755.2420937639769 0 pi+ 896.8014397903875 0 p 1057.9564664456357 0
3 pi+ 408.1088700953873 0 pi+ 1720.6461869705827 0 p 581.2449429340301 0
3 pi+ 414.35388617661897 0 pi+ 1541.0102486893234 0 p 754.6358651340578 0
3 pi+ 115.24617356150287 0 pi+ 1281.9809232740595 0 p 1312.7729031644376 0
3 pi+ 62.55458520051376 0 pi+ 1594.575200732941 0 p 1052.870214066545 0
3 pi+ 1053.3451258475534 0 pi+ 1038.2318172771954 0 p 618.4230568752511 0
3 pi+ 1791.5951495441097 0 pi+ 699.8473670850973 0 p 218.55748337079288 0
3 pi+ 690.4626629916248 0 pi+ 144.07369028823157 0 p 1875.4636467201437 0
3 pi+ 114.55158873280594 0 pi+ 2454.575375842644 0 p 140.8730354245498 0
3 pi+ 2217.75769812556 0 pi+ 193.94922105214013 0 p 298.2930808222996 0
3 pi+ 1019.2389811075949 0 pi+ 1057.0121287637894 0 p 633.7488901286156 0
3 pi+ 1251.1011439085466 0 pi+ 616.805113124366 0 p 842.0937429670873 0
3 pi+ 1841.1014801125448 0 pi+ 837.764817996728 0 p 31.1337018907273 0
3 pi+ 1097.9674948555291 0 pi+ 200.76946884308308 0 p 1411.2630363013877 0
3 pi+ 840.1258339467383 0 pi+ 8.043725635506272 0 p 1861.8304404177554 0
3 pi+ 1115.3607890832375 0 pi+ 1463.083336624732 0 p 131.55587429203038 0
3 pi+ 20.61651052537032 0 pi+ 1384.7412974861645 0 p 1304.6421919884654 0