3 pi+ 2111.2144960250926 0 pi+ 209.26148006958553 0 p 389.5240239053218 0
3 pi+ 300.4351373976836 0 pi+ 2030.9298725754095 0 p 378.63499002690685 0
3 pi+ 823.2388572428871 0 pi+ 1315.174014145388 0 p 571.587128611725 0
3 pi+ 908.0741800757735 0 pi+ 981.8313109248467 0 p 820.0945089993799 0
3 pi+ 1900.892300163991 0 pi+ 68.57395044524647 0 p 740.5337493907626 0
3 pi+ 394.3630101886602 0 pi+ 202.37167174921308 0 p 2113.265318062127 0
3 pi+ 263.90236102110543 0 pi+ 1745.3878295494687 0 p 700.7098094294258 0
3 pi+ 415.5819792357357 0 pi+ 1807.0872584186927 0 p 487.3307623455715 0
3 pi+ 1843.7440140023994 0 pi+ 319.9189841121219 0 p 546.3370018854787 0
3 pi+ 305.46032981465663 0 pi+ 1687.8581131435562 0 p 716.6815570417872 0
3 pi+ 1466.9283066250246 0 pi+ 449.2747363145613 0 p 793.7969570604142 0
3 pi+ 1080.6607331910175 0 pi+ 289.40448570842386 0 p 1339.9347811005587 0
3 pi+ 112.71174109554549 0 pi+ 1986.8508267472794 0 p 610.4374321571752 0
3 pi+ 1525.3346223649614 0 pi+ 988.5164139351372 0 p 196.1489636999013 0
3 pi+ 392.53353976783205 0 pi+ 1699.7283498122054 0 p 617.7381104199626 0
3 pi+ 1144.3564463758012 0 pi+ 137.8140133657952 0 p 1427.8295402584038 0
3 pi+ 1352.6440343913168 0 pi+ 175.55564705979148 0 p 1181.8003185488917 0
3 pi+ 745.8586539806018 0 pi+ 1118.3548803321278 0 p 845.7864656872704 0
3 pi+ 440.1983367534881 0 pi+ 1240.9979975021633 0 p 1028.8036657443486 0
3 pi+ 959.052964409533 0 pi+ 715.9655088634446 0 p 1034.9815267270224 0
3 pi+ 1228.033766296473 0 pi+ 275.978402442541 0 p 1205.987831260986 0
3 pi+ 575.1952052982415 0 pi+ 731.4765117868568 0 p 1403.3282829149018 0
3 pi+ 521.9820775026242 0 pi+ 2014.9084924397862 0 p 173.10943005758955 0
3 pi+ 1480.5911079088419 0 pi+ 876.1887913359303 0 p 353.2201007552277 0
3 pi+ 2048.563361453997 0 pi+ 491.83831524064374 0 p 169.59832330535937 0
3 pi+ 110.90489621392804 0 pi+ 2574.7714933206935 0 p 24.323610465378398 0
3 pi+ 1864.5114281157096 0 pi+ 604.5888632672358 0 p 240.89970861705467 0
3 pi+ 1123.2439112165712 0 pi+ 1333.7542090405962 0 p 253.00187974283256 0
3 pi+ 489.77876726684883 0 pi+ 2169.5700216892064 0 p 50.651211043944535 0
3 pi+ 2123.9521949678915 0 pi+ 391.952952418101 0 p 194.09485261400732 0
3 pi+ 600.0193087168486 0 pi+ 369.1974843192789 0 p 1740.7832069638725 0
3 pi+ 457.8250783897933 0 pi+ 2158.616652209612 0 p 93.55826940059494 0
3 pi+ 1819.806436969297 0 pi+ 18.81295088723834 0 p 871.3806121434645 0
3 pi+ 945.7376655344827 0 pi+ 1132.3196383848003 0 p 631.942696080717 0
3 pi+ 660.6224052076475 0 pi+ 1026.6393693194118 0 p 1022.7382254729408 0
3 pi+ 1475.117722286827 0 pi+ 172.76577330217535 0 p 1062.1165044109975 0
3 pi+ 1405.7054686419951 0 pi+ 646.0416902949025 0 p 658.2528410631023 0
3 pi+ 611.3668074996945 0 pi+ 184.3892146257262 0 p 1914.2439778745793 0
3 pi+ 1759.857468181018 0 pi+ 148.23929056427528 0 p 801.9032412547068 0
3 pi+ 331.1832061183513 0 pi+ 1033.6121338378766 0 p 1345.204660043772 0
3 pi+ 726.7008395135178 0 pi+ 25.548050295687705 0 p 1957.7511101907944 0
3 pi+ 1323.7968872957333 0 pi+ 107.39051938626376 0 p 1278.8125933180029 0
3 pi+ 631.6073423941278 0 pi+ 1333.332174142488 0 p 745.0604834633843 0
3 pi+ 2138.015911437069 0 pi+ 533.7412979190403 0 p 38.242790643890814 0
3 pi+ 851.0002323700597 0 pi+ 918.7263058751287 0 p 940.2734617548116 0
3 pi+ 14.595099800255255 0 pi+ 1368.285531863819 0 p 1327.1193683359259 0
3 pi+ 921.8712226327552 0 pi+ 1698.1295902763882 0 p 89.99918709085667 0
3 pi+ 2138.8813273116425 0 pi+ 485.4381706905012 0 p 85.68050199785621 0
3 pi+ 851.5787282820972 0 pi+ 494.6411290399067 0 p 1363.780142677996 0
3 pi+ 988.8340717518477 0 pi+ 1192.2292290523671 0 p 528.9366991957851 0
3 pi+ 1790.0358616236385 0 pi+ 879.5188749727229 0 p 40.44526340363865 0
3 pi+ 631.8165060498196 0 pi+ 1445.1481006714996 0 p 633.0353932786809 0
3 pi+ 1428.5867984482095 0 pi+ 431.82072889263935 0 p 849.5924726591512 0
3 pi+ 2150.1750884741805 0 pi+ 201.98168850601706 0 p 357.8432230198026 0
3 pi+ 2171.7822057212848 0 pi+ 82.8179472273115 0 p 455.3998470514038 0
3 pi+ 322.81600780768616 0 pi+ 2345.297512637318 0 p 41.88647955499567 0
3 pi+ 201.39496780544212 0 pi+ 1809.408003815971 0 p 699.1970283785869 0
3 pi+ 369.56148221341397 0 pi+ 1243.155324929438 0 p 1097.2831928571482 0
3 pi+ 1745.1598424233316 0 pi+ 363.9492972422967 0 p 600.8908603343716 0
3 pi+ 449.1858367329989 0 pi+ 1421.7652521849889 0 p 839.0489110820122 0
3 pi+ 1711.0340165915993 0 pi+ 272.58694006122863 0 p 726.3790433471721 0
3 pi+ 2086.1426340476605 0 pi+ 411.0831537510546 0 p 212.7742122012849 0
3 pi+ 954.6217994455305 0 pi+ 1124.5614098761423 0 p 630.816790678327 0
3 pi+ 1005.5345349714992 0 pi+ 390.3813524716287 0 p 1314.084112556872 0
3 pi+ 435.5404434801671 0 pi+ 515.9918633130408 0 p 1758.467693206792 0
3 pi+ 1495.653056801907 0 pi+ 247.7693128579099 0 p 966.5776303401831 0
3 pi+ 144.50304503684038 0 pi+ 2189.99233477293 0 p 375.50462019022973 0
3 pi+ 1636.482839365145 0 pi+ 372.07759722353177 0 p 701.4395634113232 0
3 pi+ 619.7975547487032 0 pi+ 1679.446920761884 0 p 410.7555244894127 0
3 pi+ 422.0970497026834 0 pi+ 1195.0763482385833 0 p 1092.8266020587332 0
3 pi+ 983.400358069957 0 pi+ 814.7462582183424 0 p 911.8533837117006 0
3 pi+ 742.4392952261685 0 pi+ 383.2702098118123 0 p 1584.2904949620192 0
3 pi+ 1817.4191431704464 0 pi+ 137.9521328286036 0 p 754.6287240009499 0
3 pi+ 2269.056658565897 0 pi+ 2.7200996230420884 0 p 438.22324181106086 0
3 pi+ 1087.6468036313477 0 pi+ 453.9930640938593 0 p 1168.3601322747932 0
3 pi+ 872.5284716030741 0 pi+ 1313.4113553029943 0 p 524.0601730939317 0
3 pi+ 551.3152008954952 0 pi+ 661.0648431534405 0 p 1497.6199559510644 0
3 pi+ 1844.378730761305 0 pi+ 456.12794485759036 0 p 409.4933243811046 0
3 pi+ 1019.2965918818453 0 pi+ 11.856483536243683 0 p 1678.846924581911 0
3 pi+ 1070.82609620122 0 pi+ 998.6741819340028 0 p 640.4997218647773 0
3 pi+ 2520.632722786333 0 pi+ 30.567529162188418 0 p 158.79974805147842 0
3 pi+ 1734.1497620059563 0 pi+ 473.9448379282266 0 p 501.90540006581716 0
3 pi+ 1207.5067881830034 0 pi+ 1022.8991614280179 0 p 479.5940503889787 0
3 pi+ 163.0588591738463 0 pi+ 1707.0847170029517 0 p 839.856423823202 0
3 pi+ 1093.9507345101458 0 pi+ 50.44209838502679 0 p 1565.6071671048273 0
3 pi+ 1638.2419274616057 0 pi+ 1043.535737039796 0 p 28.22233549859839 0
3 pi+ 2069.0519470846457 0 pi+ 520.1608699525603 0 p 120.78718296279412 0
3 pi+ 1456.2362044415163 0 pi+ 677.3670089829179 0 p 576.3967865755658 0
3 pi+ 236.02760572995658 0 pi+ 1452.5706199149015 0 p 1021.4017743551419 0
3 pi+ 963.7690105387799 0 pi+ 132.9864707292111 0 p 1613.244518732009 0
3 pi+ 1062.9958882081328 0 pi+ 1009.9986429597728 0 p 637.0054688320943 0
3 pi+ 731.6083287360975 0 pi+ 1503.9283413537232 0 p 474.4633299101793 0
3 pi+ 1017.4553342670293 0 pi+ 1411.8659858575222 0 p 280.6786798754484 0
3 pi+ 656.291823111602 0 pi+ 1402.299699216334 0 p 651.408477672064 0
3 pi+ 684.5669978096787 0 pi+ 1704.0985853211214 0 p 321.33441686919997 0
3 pi+ 326.6030283654935 0 pi+ 606.6239935380512 0 p 1776.7729780964553 0
3 pi+ 1222.9118465572903 0 pi+ 1407.1462293938139 0 p 79.94192404889576 0
3 pi+ 1.0709704905205475 0 pi+ 1340.5771565001446 0 p 1368.351873009335 0
3 pi+ 636.4004475542578 0 pi+ 981.3775399377635 0 p 1092.2220125079787 0
3 pi+ 95.96490878452182 0 pi+ 672.836211712212 0 p 1941.198879503266 0