3 pi+ 1429.9620090796982 0 pi+ 981.316964167672 0 p 298.7210267526298 0
3 pi+ 605.3096937735345 0 pi+ 1196.2636383170527 0 p 908.4266679094127 0
3 pi+ 3.214486046171462 0 pi+ 2323.3663028496285 0 p 383.4192111042002 0
3 pi+ 565.8136202388806 0 pi+ 263.22698310114976 0 p 1880.9593966599696 0
3 pi+ 789.3012626692938 0 pi+ 450.6727007080921 0 p 1470.0260366226141 0
3 pi+ 2315.4032821658825 0 pi+ 206.76615447377836 0 p 187.830563360339 0
3 pi+ 1045.6715393981326 0 pi+ 1347.8452267580853 0 p 316.4832338437821 0
3 pi+ 1966.7468802907438 0 pi+ 674.751196376807 0 p 68.50192333244928 0
3 pi+ 1923.840665487531 0 pi+ 656.8197933342549 0 p 129.33954117821426 0
3 pi+ 1538.9301924533374 0 pi+ 41.58448832528351 0 p 1129.485319221379 0
3 pi+ 772.7044596005572 0 pi+ 573.5774780706905 0 p 1363.7180623287522 0
3 pi+ 304.53518416206305 0 pi+ 1121.7167871524296 0 p 1283.7480286855075 0
3 pi+ 117.01697312687136 0 pi+ 2310.659938876804 0 p 282.3230879963247 0
3 pi+ 338.6498558593555 0 pi+ 1820.3092529645971 0 p 551.0408911760472 0
3 pi+ 1154.2587438810074 0 pi+ 805.2271225125945 0 p 750.514133606398 0
3 pi+ 1597.4668365929072 0 pi+ 27.114915828468234 0 p 1085.4182475786247 0
3 pi+ 1600.2613572669297 0 pi+ 258.64774815043046 0 p 851.0908945826397 0
3 pi+ 155.05309034734466 0 pi+ 2350.4071385993016 0 p 204.53977105335392 0
3 pi+ 342.0003176195636 0 pi+ 54.60232035908368 0 p 2313.397362021353 0
3 pi+ 2151.1429246458247 0 pi+ 385.55053709109217 0 p 173.30653826308316 0
3 pi+ 55.98837206803247 0 pi+ 884.7297320746383 0 p 1769.2818958573293 0
3 pi+ 750.2726177816205 0 pi+ 764.7233071436777 0 p 1195.0040750747019 0
3 pi+ 746.3264014642779 0 pi+ 952.4871939517989 0 p 1011.1864045839233 0
3 pi+ 470.92120692138224 0 pi+ 2000.3925408571708 0 p 238.68625222144695 0
3 pi+ 69.83845715881867 0 pi+ 1797.9152473201177 0 p 842.2462955210635 0
3 pi+ 628.2212212719847 0 pi+ 208.2767506381154 0 p 1873.5020280898998 0
3 pi+ 871.5575542753813 0 pi+ 1522.7736540643243 0 p 315.66879166029446 0
3 pi+ 315.2246448532334 0 pi+ 1039.4041223623765 0 p 1355.37123278439 0
3 pi+ 428.6286223898154 0 pi+ 832.7036074133396 0 p 1448.6677701968451 0
3 pi+ 1043.302157240059 0 pi+ 507.3662489417473 0 p 1159.3315938181938 0
3 pi+ 1970.0547210714788 0 pi+ 68.95947647338895 0 p 670.9858024551322 0
3 pi+ 883.869066218211 0 pi+ 726.2619775523274 0 p 1099.8689562294617 0
3 pi+ 2087.773965248572 0 pi+ 63.351164799949316 0 p 558.8748699514787 0
3 pi+ 1808.600864176299 0 pi+ 498.5296414069001 0 p 402.86949441680093 0
3 pi+ 145.13244505302632 0 pi+ 1861.4760361233605 0 p 703.3915188236133 0
3 pi+ 374.6637832898104 0 pi+ 932.1911568837627 0 p 1403.1450598264269 0
3 pi+ 853.9480072274534 0 pi+ 1776.383918542573 0 p 79.66807422997358 0
3 pi+ 1064.4455266849293 0 pi+ 837.1843502482373 0 p 808.3701230668336 0
3 pi+ 281.3617748031456 0 pi+ 757.4158745954207 0 p 1671.2223506014336 0
3 pi+ 1311.517330221171 0 pi+ 4.662955614925131 0 p 1393.8197141639039 0
3 pi+ 151.7384432416443 0 pi+ 1529.1830913040328 0 p 1029.078465454323 0
3 pi+ 1489.0977894925084 0 pi+ 854.9896129691467 0 p 365.9125975383449 0
3 pi+ 1723.3219817056179 0 pi+ 894.052142957862 0 p 92.62587533652014 0
3 pi+ 1681.7546583622398 0 pi+ 4.90255003735025 0 p 1023.34279160041 0
3 pi+ 1026.0991499025765 0 pi+ 1211.0623198552867 0 p 472.8385302421367 0
3 pi+ 640.8688205736347 0 pi+ 214.42769706215842 0 p 1854.7034823642068 0
3 pi+ 765.6205987803685 0 pi+ 1408.0860144648084 0 p 536.2933867548231 0
3 pi+ 0.9932809538317744 0 pi+ 2632.7783376547495 0 p 76.22838139141884 0
3 pi+ 1113.6626215234005 0 pi+ 1193.9483651375774 0 p 402.38901333902203 0
3 pi+ 211.63726942163927 0 pi+ 1981.3970189373567 0 p 516.965711641004 0
3 pi+ 756.2430097022699 0 pi+ 128.99317147315193 0 p 1824.7638188245783 0
3 pi+ 37.08980065369608 0 pi+ 2489.3259902294058 0 p 183.584209116898 0
3 pi+ 1515.7497599063026 0 pi+ 59.994094113933635 0 p 1134.2561459797637 0
3 pi+ 994.4534864799629 0 pi+ 347.9062439806046 0 p 1367.6402695394324 0
3 pi+ 1634.4589068284192 0 pi+ 635.4152248904978 0 p 440.125868281083 0
3 pi+ 724.9340071134872 0 pi+ 235.97684881879147 0 p 1749.0891440677212 0
3 pi+ 994.7718164573622 0 pi+ 532.2165692010606 0 p 1183.0116143415773 0
3 pi+ 229.11315205491562 0 pi+ 383.214897814834 0 p 2097.6719501302505 0
3 pi+ 492.8552250034755 0 pi+ 1215.6600146141675 0 p 1001.4847603823569 0
3 pi+ 469.9828794715158 0 pi+ 1344.8230753516716 0 p 895.1940451768127 0
3 pi+ 1440.3742325112398 0 pi+ 825.1328167006459 0 p 444.4929507881141 0
3 pi+ 497.4650972313416 0 pi+ 551.9542319754751 0 p 1660.5806707931833 0
3 pi+ 1436.8203352067503 0 pi+ 940.0408120674173 0 p 333.1388527258325 0
3 pi+ 819.344322657989 0 pi+ 221.9385149690709 0 p 1668.71716237294 0
3 pi+ 263.4984053866242 0 pi+ 425.1270141494093 0 p 2021.3745804639664 0
3 pi+ 697.2327511295377 0 pi+ 1909.9848383065198 0 p 102.78241056394239 0
3 pi+ 913.3888452587859 0 pi+ 1570.7440211781598 0 p 225.8671335630543 0
3 pi+ 60.520419329049844 0 pi+ 1061.805072304965 0 p 1587.674508365985 0
3 pi+ 23.671671103982273 0 pi+ 611.4819612064239 0 p 2074.846367689594 0
3 pi+ 681.2346531139618 0 pi+ 1674.2045121817612 0 p 354.560834704277 0
3 pi+ 1350.1644146028107 0 pi+ 1015.9019608081127 0 p 343.9336245890767 0
3 pi+ 2006.8943352645597 0 pi+ 161.1239553255258 0 p 541.9817094099144 0
3 pi+ 683.9409363254482 0 pi+ 1007.6500356049987 0 p 1018.4090280695531 0
3 pi+ 1118.3063991455067 0 pi+ 723.5328190863812 0 p 868.1607817681121 0
3 pi+ 671.6336324489611 0 pi+ 1328.8855783749027 0 p 709.4807891761363 0
3 pi+ 2242.1615620209914 0 pi+ 66.81260639529017 0 p 401.02583158371823 0
3 pi+ 503.208893652416 0 pi+ 882.2211781008631 0 p 1324.569928246721 0
3 pi+ 522.1914998162491 0 pi+ 990.9367846899045 0 p 1196.8717154938463 0
3 pi+ 917.7185878882127 0 pi+ 990.2668387176516 0 p 802.0145733941357 0
3 pi+ 1056.1303420659924 0 pi+ 379.75752911496164 0 p 1274.112128819046 0
3 pi+ 1484.972126153888 0 pi+ 516.4881928928916 0 p 708.5396809532203 0
3 pi+ 1184.9126026110098 0 pi+ 1232.0450793813081 0 p 293.04231800768207 0
3 pi+ 127.3087359502012 0 pi+ 2167.411154970327 0 p 415.28010907947197 0
3 pi+ 919.3160611492407 0 pi+ 624.1366767644435 0 p 1166.5472620863159 0
3 pi+ 815.1986245756483 0 pi+ 1061.1214086594348 0 p 833.6799667649169 0
3 pi+ 1095.4687577611496 0 pi+ 337.4759348430778 0 p 1277.0553073957726 0
3 pi+ 1845.2840187996287 0 pi+ 378.57610027979507 0 p 486.1398809205763 0
3 pi+ 6.691292688174457 0 pi+ 1361.2066085912736 0 p 1342.102098720552 0
3 pi+ 1186.3165882116468 0 pi+ 1175.6412035671779 0 p 348.0422082211753 0
3 pi+ 1891.361524064471 0 pi+ 109.50610639210291 0 p 709.1323695434261 0
3 pi+ 253.1267385736499 0 pi+ 1815.5430616670153 0 p 641.3301997593348 0
3 pi+ 374.9765051897406 0 pi+ 393.18507956104577 0 p 1941.8384152492135 0
3 pi+ 883.3154710530025 0 pi+ 1528.7655437836659 0 p 297.9189851633316 0
3 pi+ 695.8273535396355 0 pi+ 1512.6776491933501 0 p 501.4949972670143 0
3 pi+ 169.19327759388972 0 pi+ 367.0323523750385 0 p 2173.7743700310716 0
3 pi+ 1783.3561031904476 0 pi+ 495.3450921875943 0 p 431.2988046219581 0
3 pi+ 1023.4862507343413 0 pi+ 1251.6163589996443 0 p 434.8973902660145 0
3 pi+ 702.4753549419446 0 pi+ 739.6538998337388 0 p 1267.8707452243166 0
3 pi+ 941.4124349408238 0 pi+ 1107.7419815296837 0 p 660.8455835294926 0
3 pi+ 686.6912934804808 0 pi+ 716.1356870695423 0 p 1307.173019449977 0