3 pi+ 1521.3164579430052 0 pi+ 571.1257919357556 0 p 617.5577501212391 0
3 pi+ 593.956819294281 0 pi+ 1838.1375420191036 0 p 277.9056386866154 0
3 pi+ 705.2979955634584 0 pi+ 1777.970083905336 0 p 226.73192053120576 0
3 pi+ 1595.915863420291 0 pi+ 441.5247503516955 0 p 672.5593862280135 0
3 pi+ 2246.6131414376314 0 pi+ 31.398319036575476 0 p 431.98853952579327 0
3 pi+ 492.7018061846881 0 pi+ 653.77598451975 0 p 1563.5222092955619 0
3 pi+ 209.11001005653756 0 pi+ 2007.5477924338982 0 p 493.34219750956436 0
3 pi+ 692.3167366351055 0 pi+ 1281.1331716234495 0 p 736.550091741445 0
3 pi+ 1133.165829080162 0 pi+ 1226.637528472115 0 p 350.196642447723 0
3 pi+ 1158.873998207562 0 pi+ 682.6967197176654 0 p 868.4292820747727 0
3 pi+ 1812.3157646063469 0 pi+ 535.7679397638991 0 p 361.91629562975413 0
3 pi+ 1423.714080529495 0 pi+ 222.83344411454271 0 p 1063.4524753559622 0
3 pi+ 403.64195600494526 0 pi+ 2147.825270390026 0 p 158.5327736050284 0
3 pi+ 420.1552943050872 0 pi+ 1125.6208162988773 0 p 1164.2238893960355 0
3 pi+ 40.479341148690686 0 pi+ 2227.290967224778 0 p 442.22969162653146 0
3 pi+ 763.0533067770882 0 pi+ 265.42930573313004 0 p 1681.5173874897819 0
3 pi+ 386.5584499104478 0 pi+ 1512.8692920577355 0 p 810.5722580318167 0
3 pi+ 1948.5586790049783 0 pi+ 347.3432498533922 0 p 414.0980711416295 0
3 pi+ 812.8213973319607 0 pi+ 865.8015533631284 0 p 1031.3770493049108 0
3 pi+ 1974.2813847848852 0 pi+ 234.811032776829 0 p 500.90758243828594 0
3 pi+ 1626.6971948604921 0 pi+ 1057.3280422183661 0 p 25.974762921141807 0
3 pi+ 682.2968706650473 0 pi+ 1511.9048896445483 0 p 515.7982396904043 0
3 pi+ 1461.313613484716 0 pi+ 9.095256326090402 0 p 1239.5911301891936 0
3 pi+ 1350.7712574651475 0 pi+ 271.5439033494841 0 p 1087.6848391853684 0
3 pi+ 710.9276217720445 0 pi+ 1648.6664850438367 0 p 350.4058931841187 0
3 pi+ 1665.9319385855713 0 pi+ 500.19047069914046 0 p 543.8775907152883 0
3 pi+ 470.46189599248055 0 pi+ 36.070184782585194 0 p 2203.467919224934 0
3 pi+ 532.3141486074212 0 pi+ 1107.478572478442 0 p 1070.2072789141369 0
3 pi+ 1259.44935062731 0 pi+ 433.1261971938251 0 p 1017.424452178865 0
3 pi+ 8.349008442894668 0 pi+ 814.6763850937493 0 p 1886.974606463356 0
3 pi+ 1507.488076541775 0 pi+ 1185.9438411918043 0 p 16.56808226642086 0
3 pi+ 788.5854324024695 0 pi+ 531.7398708031641 0 p 1389.6746967943664 0
3 pi+ 727.0987934410599 0 pi+ 268.805453012925 0 p 1714.0957535460152 0
3 pi+ 1178.5133638307777 0 pi+ 1113.486074044973 0 p 418.00056212424926 0
3 pi+ 290.6818061470059 0 pi+ 809.2694304851221 0 p 1610.048763367872 0
3 pi+ 580.2014857718215 0 pi+ 2032.6396719736565 0 p 97.15884225452207 0
3 pi+ 1362.882465234058 0 pi+ 888.0181161251951 0 p 459.09941864074693 0
3 pi+ 762.1526677076533 0 pi+ 1022.1078362303302 0 p 925.7394960620164 0
3 pi+ 1103.411635860392 0 pi+ 1283.3960617409411 0 p 323.1923023986669 0
3 pi+ 1602.456271754106 0 pi+ 311.97311692774116 0 p 795.5706113181528 0
3 pi+ 272.9808325651375 0 pi+ 878.6566927652112 0 p 1558.3624746696512 0
3 pi+ 2034.4932644941402 0 pi+ 664.27113000621 0 p 11.235605499649747 0
3 pi+ 2294.3648229042265 0 pi+ 86.36258865297924 0 p 329.2725884427944 0
3 pi+ 1171.2498219124245 0 pi+ 681.3832686488977 0 p 857.3669094386777 0
3 pi+ 354.6042386249208 0 pi+ 430.96072443249096 0 p 1924.435036942588 0
3 pi+ 472.7969972112174 0 pi+ 315.50168237098853 0 p 1921.701320417794 0
3 pi+ 707.3441391809948 0 pi+ 811.9976134230329 0 p 1190.6582473959722 0
3 pi+ 1066.3580619529437 0 pi+ 1487.810815319815 0 p 155.83112272724134 0
3 pi+ 25.345684940308054 0 pi+ 508.33889011154105 0 p 2176.315424948151 0
3 pi+ 1871.057934609037 0 pi+ 781.3832330215215 0 p 57.55883236944152 0
3 pi+ 763.8832646092044 0 pi+ 1549.533394473187 0 p 396.58334091760855 0
3 pi+ 1297.8071392475456 0 pi+ 884.0761027658676 0 p 528.1167579865868 0
3 pi+ 1227.4307628921194 0 pi+ 1090.4070938619507 0 p 392.1621432459297 0
3 pi+ 401.78014490419196 0 pi+ 500.4378910439787 0 p 1807.7819640518294 0
3 pi+ 453.164561169326 0 pi+ 1585.6832445312532 0 p 671.1521942994208 0
3 pi+ 328.71928661133126 0 pi+ 897.3943130748778 0 p 1483.886400313791 0
3 pi+ 710.8453117705584 0 pi+ 709.4959017411118 0 p 1289.6587864883297 0
3 pi+ 1467.2605563374939 0 pi+ 1031.803031574674 0 p 210.9364120878322 0
3 pi+ 1934.2752073812437 0 pi+ 349.8814768088572 0 p 425.8433158098992 0
3 pi+ 700.1576741689598 0 pi+ 406.34639373464347 0 p 1603.4959320963967 0
3 pi+ 1098.347114959932 0 pi+ 56.90218970539356 0 p 1554.7506953346744 0
3 pi+ 326.5834044585177 0 pi+ 1129.2798240762615 0 p 1254.1367714652206 0
3 pi+ 1021.8331133715695 0 pi+ 1644.828244325684 0 p 43.338642302746585 0
3 pi+ 454.8178108507366 0 pi+ 196.6629398991242 0 p 2058.519249250139 0
3 pi+ 1715.16376721644 0 pi+ 841.278688276618 0 p 153.557544506942 0
3 pi+ 1838.699017690892 0 pi+ 166.67012766804302 0 p 704.6308546410648 0
3 pi+ 1470.5758405122792 0 pi+ 805.4899747248772 0 p 433.9341847628436 0
3 pi+ 1007.8908483333864 0 pi+ 410.6071643682089 0 p 1291.5019872984046 0
3 pi+ 507.28322262129 0 pi+ 480.3904701421951 0 p 1722.3263072365148 0
3 pi+ 1936.5863895624157 0 pi+ 118.44330194147054 0 p 654.970308496114 0
3 pi+ 1212.7553584875727 0 pi+ 449.41695475989485 0 p 1047.8276867525324 0
3 pi+ 1735.3691984815584 0 pi+ 972.3856092022412 0 p 2.2451923162003453 0
3 pi+ 179.54964437759023 0 pi+ 1392.1182121312904 0 p 1138.3321434911193 0
3 pi+ 729.6796195671993 0 pi+ 506.61223709123493 0 p 1473.7081433415658 0
3 pi+ 1404.0429418107742 0 pi+ 132.97084909163073 0 p 1172.986209097595 0
3 pi+ 384.9270193974738 0 pi+ 1866.6997456440943 0 p 458.37323495843196 0
3 pi+ 1084.4684961918701 0 pi+ 763.6990604974621 0 p 861.8324433106678 0
3 pi+ 1172.6127556960757 0 pi+ 1047.7985744100502 0 p 489.588669893874 0
3 pi+ 1759.9022886591722 0 pi+ 743.8257717093791 0 p 206.2719396314486 0
3 pi+ 264.68182706954025 0 pi+ 1200.0740790955417 0 p 1245.244093834918 0
3 pi+ 2105.374392601925 0 pi+ 211.95912460030564 0 p 392.66648279776933 0
3 pi+ 210.39415983898203 0 pi+ 1017.8911262027575 0 p 1481.7147139582605 0
3 pi+ 1164.441532130169 0 pi+ 885.9951566093087 0 p 659.5633112605224 0
3 pi+ 446.586535713747 0 pi+ 796.8121299339814 0 p 1466.6013343522716 0
3 pi+ 1129.3633819659697 0 pi+ 1010.3224027635608 0 p 570.3142152704695 0
3 pi+ 1645.244183809673 0 pi+ 398.6660102457946 0 p 666.0898059445325 0
3 pi+ 80.41348613714958 0 pi+ 294.0195373394377 0 p 2335.566976523413 0
3 pi+ 612.5853500760835 0 pi+ 1893.4948562448776 0 p 203.9197936790388 0
3 pi+ 86.96344081298624 0 pi+ 1922.2454610302336 0 p 700.7910981567801 0
3 pi+ 1829.0855723833163 0 pi+ 515.5805295230015 0 p 365.33389809368225 0
3 pi+ 610.6011014267731 0 pi+ 421.93651175515504 0 p 1677.4623868180718 0
3 pi+ 253.47996181637274 0 pi+ 107.58850843214282 0 p 2348.9315297514845 0
3 pi+ 177.41264063293417 0 pi+ 1490.5846117224492 0 p 1042.0027476446169 0
3 pi+ 1384.447145085323 0 pi+ 37.1560810845451 0 p 1288.396773830132 0
3 pi+ 91.35218723526224 0 pi+ 418.0247102437856 0 p 2200.623102520952 0
3 pi+ 320.189785407115 0 pi+ 1993.5290932809603 0 p 396.2811213119247 0
3 pi+ 894.9459622734859 0 pi+ 1587.3498780909908 0 p 227.70415963552324 0
3 pi+ 1902.3217641620809 0 pi+ 391.58177924211606 0 p 416.09645659580315 0
3 pi+ 172.9391022237896 0 pi+ 104.11011842902944 0 p 2432.9507793471807 0
3 pi+ 142.89560809706998 0 pi+ 2101.683055126313 0 p 465.4213367766171 0