3 pi+ 354.3660221562604 0 pi+ 1150.5692590957506 0 p 1205.064718747989 0
3 pi+ 1383.3515777892235 0 pi+ 216.95676324732915 0 p 1109.6916589634473 0
3 pi+ 1299.7894778222735 0 pi+ 485.0866884427934 0 p 925.123833734933 0
3 pi+ 760.3324221747965 0 pi+ 822.8107317461402 0 p 1126.8568460790632 0
3 pi+ 1111.6771944338343 0 pi+ 1044.9840508836558 0 p 553.33875468251 0
3 pi+ 159.13328130505147 0 pi+ 780.3558578146568 0 p 1770.5108608802918 0
3 pi+ 1165.076097828025 0 pi+ 511.5061568295838 0 p 1033.417745342391 0
3 pi+ 849.1971318870046 0 pi+ 941.6867983150598 0 p 919.1160697979354 0
3 pi+ 294.0720660180949 0 pi+ 1430.1706770407955 0 p 985.7572569411096 0
3 pi+ 195.05565689919464 0 pi+ 1571.810220408073 0 p 943.1341226927324 0
3 pi+ 390.8573311512396 0 pi+ 21.126905251041634 0 p 2298.015763597719 0
3 pi+ 1317.7845333179612 0 pi+ 765.1615246739973 0 p 627.0539420080415 0
3 pi+ 94.1212250626201 0 pi+ 1607.7613680394359 0 p 1008.117406897944 0
3 pi+ 1772.5858841701115 0 pi+ 509.6701876261131 0 p 427.7439282037754 0
3 pi+ 742.1729356034061 0 pi+ 603.4115345519448 0 p 1364.415529844649 0
3 pi+ 1497.866898497835 0 pi+ 125.96744657519993 0 p 1086.1656549269649 0
3 pi+ 640.513543112482 0 pi+ 11.22910933977721 0 p 2058.2573475477407 0
3 pi+ 1619.734177002223 0 pi+ 860.3061084782355 0 p 229.9597145195414 0
3 pi+ 645.3248621905956 0 pi+ 1678.9980828432579 0 p 385.6770549661465 0
3 pi+ 620.7058356763329 0 pi+ 132.0178122219895 0 p 1957.2763521016777 0
3 pi+ 257.06576589220157 0 pi+ 115.61911817533937 0 p 2337.315115932459 0
3 pi+ 2665.6345326293585 0 pi+ 19.352830918993117 0 p 25.012636451648213 0
3 pi+ 536.1211701080895 0 pi+ 958.7302798907517 0 p 1215.1485500011588 0
3 pi+ 1606.9880775717572 0 pi+ 1088.889871454208 0 p 14.122050974034602 0
3 pi+ 445.6115574815481 0 pi+ 1052.9472912918156 0 p 1211.4411512266363 0
3 pi+ 271.45669551960515 0 pi+ 301.7540803247208 0 p 2136.789224155674 0
3 pi+ 1189.2857613837534 0 pi+ 219.5994719513451 0 p 1301.1147666649015 0
3 pi+ 475.7690289297551 0 pi+ 1256.646015079938 0 p 977.5849559903068 0
3 pi+ 1950.5345010077208 0 pi+ 231.45671120199353 0 p 528.0087877902857 0
3 pi+ 832.5963126023288 0 pi+ 1781.9356234262343 0 p 95.4680639714369 0
3 pi+ 1579.7560699773587 0 pi+ 1092.723941138921 0 p 37.51998888372027 0
3 pi+ 648.3710195976321 0 pi+ 1957.1774760206308 0 p 104.45150438173712 0
3 pi+ 668.0699844412095 0 pi+ 1178.2567679071574 0 p 863.6732476516331 0
3 pi+ 451.7479472782832 0 pi+ 1810.532396705568 0 p 447.71965601614863 0
3 pi+ 658.1609769432006 0 pi+ 9.051852346117053 0 p 2042.7871707106824 0
3 pi+ 1114.522676498846 0 pi+ 22.663576314759045 0 p 1572.813747186395 0
3 pi+ 1933.3535324019929 0 pi+ 456.3860009966867 0 p 320.26046660132033 0
3 pi+ 1674.4267311701128 0 pi+ 518.4473699361637 0 p 517.1258988937234 0
3 pi+ 1677.4332444927386 0 pi+ 869.5877880649032 0 p 162.97896744235825 0
3 pi+ 252.6634670839823 0 pi+ 1504.8730137712564 0 p 952.4635191447612 0
3 pi+ 1828.76351656278 0 pi+ 30.695892168540578 0 p 850.5405912686795 0
3 pi+ 436.1886608979493 0 pi+ 1464.8295278466264 0 p 808.9818112554242 0
3 pi+ 895.3359376105983 0 pi+ 52.071424245077004 0 p 1762.5926381443246 0
3 pi+ 1289.6077770861934 0 pi+ 397.8476991518098 0 p 1022.5445237619966 0
3 pi+ 733.5785595843649 0 pi+ 521.118136105064 0 p 1455.303304310571 0
3 pi+ 812.8627197625063 0 pi+ 1749.5304422576974 0 p 147.60683797979635 0
3 pi+ 1276.1240083547345 0 pi+ 839.5826376385454 0 p 594.2933540067202 0
3 pi+ 1593.5524979194902 0 pi+ 959.9124544750725 0 p 156.53504760543714 0
3 pi+ 17.364097175139033 0 pi+ 1079.6236105766461 0 p 1613.0122922482149 0
3 pi+ 1846.6087916641377 0 pi+ 858.1100013831353 0 p 5.281206952726933 0
3 pi+ 1499.5975460478292 0 pi+ 895.7835935874328 0 p 314.6188603647381 0
3 pi+ 346.79721495581043 0 pi+ 1721.1117026301238 0 p 642.0910824140657 0
3 pi+ 953.3349908429034 0 pi+ 1724.8732490252814 0 p 31.791760131815252 0
3 pi+ 1679.3985106442667 0 pi+ 346.112146283162 0 p 684.4893430725713 0
3 pi+ 1776.3592438061921 0 pi+ 132.00022811706458 0 p 801.6405280767432 0
3 pi+ 923.6584863323297 0 pi+ 103.89579267797816 0 p 1682.445720989692 0
3 pi+ 154.42650137367212 0 pi+ 679.6034442073943 0 p 1875.9700544189336 0
3 pi+ 873.0685890042807 0 pi+ 1508.2386760594272 0 p 328.692734936292 0
3 pi+ 1062.439876375066 0 pi+ 28.207454789837602 0 p 1619.3526688350964 0
3 pi+ 62.79970724669234 0 pi+ 2080.125461931447 0 p 567.0748308218609 0
3 pi+ 101.90268271120438 0 pi+ 1817.0805264448707 0 p 791.016790843925 0
3 pi+ 980.866538514746 0 pi+ 1241.5513920230064 0 p 487.58206946224755 0
3 pi+ 1712.580303455954 0 pi+ 534.7292675860699 0 p 462.69042895797605 0
3 pi+ 1875.2816620874898 0 pi+ 732.271792427686 0 p 102.44654548482416 0
3 pi+ 1506.7659229476797 0 pi+ 532.3300019520369 0 p 670.9040751002833 0
3 pi+ 1950.678833968282 0 pi+ 307.83198409749406 0 p 451.48918193422384 0
3 pi+ 997.5960430517075 0 pi+ 1659.426552605718 0 p 52.97740434257452 0
3 pi+ 786.0885638044357 0 pi+ 13.640687387213601 0 p 1910.2707488083506 0
3 pi+ 250.13692788714462 0 pi+ 583.9683893096438 0 p 1875.8946828032115 0
3 pi+ 898.9826834440909 0 pi+ 234.90344154122303 0 p 1576.113875014686 0
3 pi+ 1649.0995278261103 0 pi+ 901.4033784649869 0 p 159.49709370890287 0
3 pi+ 273.940645594965 0 pi+ 1982.1885262197827 0 p 453.8708281852523 0
3 pi+ 264.10358006215796 0 pi+ 214.26698867512167 0 p 2231.6294312627206 0
3 pi+ 1995.168159789705 0 pi+ 226.3473644327372 0 p 488.4844757775578 0
3 pi+ 401.99741248496156 0 pi+ 1479.5269459694239 0 p 828.4756415456145 0
3 pi+ 2283.6392727445213 0 pi+ 227.65383656888284 0 p 198.70689068659587 0
3 pi+ 515.1942179496119 0 pi+ 1455.67971643022 0 p 739.126065620168 0
3 pi+ 430.7836967555317 0 pi+ 597.4344450059508 0 p 1681.7818582385175 0
3 pi+ 757.1467984705523 0 pi+ 1589.8427507003257 0 p 363.01045082912185 0
3 pi+ 29.829553128651213 0 pi+ 596.5516474373588 0 p 2083.61879943399 0
3 pi+ 1058.9648216943585 0 pi+ 1235.0343399135093 0 p 416.0008383921322 0
3 pi+ 1960.8663531299628 0 pi+ 85.73091277804117 0 p 663.4027340919961 0
3 pi+ 2216.811164136352 0 pi+ 327.04454704923563 0 p 166.14428881441233 0
3 pi+ 20.500234715612606 0 pi+ 1748.079424862945 0 p 941.4203404214425 0
3 pi+ 338.207705758084 0 pi+ 108.85384570614778 0 p 2262.938448535768 0
3 pi+ 773.8989932891889 0 pi+ 629.2532896834219 0 p 1306.847717027389 0
3 pi+ 152.9240020019953 0 pi+ 1405.1053999623218 0 p 1151.9705980356828 0
3 pi+ 1527.2691259661165 0 pi+ 625.8384606069338 0 p 556.8924134269496 0
3 pi+ 269.9704724514462 0 pi+ 1547.0229244179795 0 p 893.0066031305741 0
3 pi+ 1007.2294205856489 0 pi+ 285.78250682959134 0 p 1416.9880725847597 0
3 pi+ 575.2754048037106 0 pi+ 363.50425541290565 0 p 1771.2203397833837 0
3 pi+ 107.56181430063297 0 pi+ 843.1121816894108 0 p 1759.3260040099563 0
3 pi+ 1398.468839837992 0 pi+ 1060.6357907101174 0 p 250.8953694518908 0
3 pi+ 1259.5164600626088 0 pi+ 46.93676013093107 0 p 1403.54677980646 0
3 pi+ 641.8798758417257 0 pi+ 1913.8217177820236 0 p 154.29840637625065 0
3 pi+ 837.3301831944673 0 pi+ 237.42346615264145 0 p 1635.2463506528914 0
3 pi+ 1650.8665738514053 0 pi+ 28.82719565559287 0 p 1030.3062304930017 0
3 pi+ 232.49852298678317 0 pi+ 873.1894254193019 0 p 1604.312051593915 0
3 pi+ 185.6220184305438 0 pi+ 989.954302083418 0 p 1534.4236794860383 0
3 pi+ 457.98160137123034 0 pi+ 436.0609883902653 0 p 1815.9574102385043 0