3 pi+ 253.64302534610894 0 pi+ 191.56529630955387 0 p 2264.791678344337 0
3 pi+ 992.751954822473 0 pi+ 492.8960337852983 0 p 1224.3520113922289 0
3 pi+ 1757.9905823940148 0 pi+ 719.037509715152 0 p 232.971907890833 0
3 pi+ 1678.225935454869 0 pi+ 260.89522768968243 0 p 770.8788368554486 0
3 pi+ 128.0789389255574 0 pi+ 1526.4440534667824 0 p 1055.4770076076602 0
3 pi+ 77.29709395405995 0 pi+ 1602.668900140722 0 p 1030.0340059052182 0
3 pi+ 440.8088574496426 0 pi+ 561.4678304675302 0 p 1707.723312082827 0
3 pi+ 1595.5646243563904 0 pi+ 908.2755717705539 0 p 206.1598038730557 0
3 pi+ 556.5889407251804 0 pi+ 883.3690657601999 0 p 1270.04199351462 0
3 pi+ 357.9940990354025 0 pi+ 2199.9675070200205 0 p 152.0383939445769 0
3 pi+ 277.4440548103467 0 pi+ 1979.7834464860384 0 p 452.77249870361493 0
3 pi+ 1924.595059064411 0 pi+ 288.20609930013444 0 p 497.1988416354544 0
3 pi+ 155.63527403730512 0 pi+ 2513.2620572386036 0 p 41.10266872409126 0
3 pi+ 646.6139253662136 0 pi+ 255.58773648294465 0 p 1807.7983381508418 0
3 pi+ 1099.404159771896 0 pi+ 711.2240103730512 0 p 899.3718298550527 0
3 pi+ 105.89940236324286 0 pi+ 313.36255276675405 0 p 2290.7380448700033 0
3 pi+ 2096.481756865823 0 pi+ 252.61744034598172 0 p 360.90080278819494 0
3 pi+ 418.033443672317 0 pi+ 1618.3994299406409 0 p 673.5671263870422 0
3 pi+ 1312.4442256604905 0 pi+ 1075.481737313272 0 p 322.07403702623736 0
3 pi+ 1931.952026925487 0 pi+ 647.2034064392745 0 p 130.84456663523852 0
3 pi+ 24.53879383559397 0 pi+ 2270.92965742576 0 p 414.5315487386458 0
3 pi+ 239.0821749252326 0 pi+ 1654.896787711166 0 p 816.0210373636014 0
3 pi+ 2347.4287170233442 0 pi+ 42.475494178750026 0 p 320.0957887979057 0
3 pi+ 597.6669218699116 0 pi+ 1529.3565959822786 0 p 582.9764821478099 0
3 pi+ 289.7206916727811 0 pi+ 1098.2532287583479 0 p 1322.0260795688712 0
3 pi+ 831.6163841096277 0 pi+ 445.10338652844746 0 p 1433.2802293619247 0
3 pi+ 1531.2150151318317 0 pi+ 877.7350042234409 0 p 301.0499806447274 0
3 pi+ 454.5546931125633 0 pi+ 2056.79283083873 0 p 198.6524760487069 0
3 pi+ 848.6675389188739 0 pi+ 1455.8336579595855 0 p 405.4988031215406 0
3 pi+ 1305.1762337121515 0 pi+ 1181.683545379122 0 p 223.14022090872643 0
3 pi+ 928.1216808322857 0 pi+ 1743.6753138346066 0 p 38.20300533310762 0
3 pi+ 314.1452484025998 0 pi+ 187.49939419317408 0 p 2208.355357404226 0
3 pi+ 723.4091135168561 0 pi+ 1443.3867876539043 0 p 543.2040988292396 0
3 pi+ 1295.6907673411083 0 pi+ 578.7187359834161 0 p 835.5904966754756 0
3 pi+ 973.5670139135599 0 pi+ 588.2743998498124 0 p 1148.1585862366278 0
3 pi+ 767.3942371005555 0 pi+ 350.9316232498014 0 p 1591.674139649643 0
3 pi+ 1960.5937172896427 0 pi+ 91.07471531544935 0 p 658.3315673949079 0
3 pi+ 510.96427618760055 0 pi+ 752.2966515320384 0 p 1446.7390722803611 0
3 pi+ 94.44885008505466 0 pi+ 2440.272780978143 0 p 175.27836893680205 0
3 pi+ 76.20885219674787 0 pi+ 1780.0342128895845 0 p 853.7569349136677 0
3 pi+ 990.3728421262302 0 pi+ 774.0231224893066 0 p 945.604035384463 0
3 pi+ 866.2208633056787 0 pi+ 1341.4126270570298 0 p 502.36650963729153 0
3 pi+ 1492.0146259741966 0 pi+ 948.509814336669 0 p 269.4755596891344 0
3 pi+ 1440.4147254795653 0 pi+ 12.117015672524584 0 p 1257.46825884791 0
3 pi+ 728.9505234545841 0 pi+ 427.7287401254843 0 p 1553.3207364199316 0
3 pi+ 330.0913201719236 0 pi+ 976.006055985647 0 p 1403.9026238424294 0
3 pi+ 1636.4354909491449 0 pi+ 1063.9316864502835 0 p 9.632822600571812 0
3 pi+ 623.1219627443885 0 pi+ 958.5959416564019 0 p 1128.2820955992097 0
3 pi+ 1894.9752762135777 0 pi+ 508.5279702233582 0 p 306.49675356306415 0
3 pi+ 2124.5585190878414 0 pi+ 348.02560862983336 0 p 237.4158722823253 0
3 pi+ 1241.5157204758186 0 pi+ 265.154139567911 0 p 1203.3301399562704 0
3 pi+ 536.9006899235831 0 pi+ 223.07981488556035 0 p 1950.0194951908566 0
3 pi+ 728.7194207307442 0 pi+ 118.71206070003925 0 p 1862.5685185692164 0
3 pi+ 2514.261177238048 0 pi+ 125.86398870186348 0 p 69.87483406008847 0
3 pi+ 399.46077959952044 0 pi+ 216.98216572530765 0 p 2093.557054675172 0
3 pi+ 2436.8259405940353 0 pi+ 3.2704617755740193 0 p 269.90359763039066 0
3 pi+ 1095.636307064481 0 pi+ 90.54744814477012 0 p 1523.8162447907491 0
3 pi+ 957.6720240832457 0 pi+ 1565.3244569473675 0 p 187.00351896938687 0
3 pi+ 1795.429523126593 0 pi+ 220.0900323406422 0 p 694.4804445327647 0
3 pi+ 172.29694792735526 0 pi+ 2418.5558389841867 0 p 119.14721308845816 0
3 pi+ 2254.4381476363674 0 pi+ 257.4022411826922 0 p 198.15961118094046 0
3 pi+ 687.4043399449145 0 pi+ 1050.121747992677 0 p 972.4739120624087 0
3 pi+ 578.6293400047566 0 pi+ 1518.2858167760678 0 p 613.0848432191756 0
3 pi+ 1139.4373388412023 0 pi+ 1360.6449123120829 0 p 209.91774884671503 0
3 pi+ 2566.390432608855 0 pi+ 106.36591390602867 0 p 37.243653485116525 0
3 pi+ 1474.6745399628105 0 pi+ 694.9867415970616 0 p 540.3387184401279 0
3 pi+ 1219.5640113466973 0 pi+ 153.58449052258484 0 p 1336.851498130718 0
3 pi+ 364.4703925044151 0 pi+ 2110.407558819528 0 p 235.1220486760569 0
3 pi+ 469.4245614270835 0 pi+ 634.6059710596147 0 p 1605.9694675133017 0
3 pi+ 1719.3229420704758 0 pi+ 559.9463117139379 0 p 430.7307462155861 0
3 pi+ 1864.5010986960292 0 pi+ 405.6270773863645 0 p 439.8718239176064 0
3 pi+ 2078.0146268562157 0 pi+ 410.8819892202058 0 p 221.10338392357863 0
3 pi+ 1616.5151848569383 0 pi+ 29.950807467809803 0 p 1063.5340076752518 0
3 pi+ 537.8008958852764 0 pi+ 1322.954546171764 0 p 849.2445579429597 0
3 pi+ 45.1589575994904 0 pi+ 407.9877246878493 0 p 2256.85331771266 0
3 pi+ 1435.7458029312877 0 pi+ 718.6461424367586 0 p 555.6080546319538 0
3 pi+ 1014.7365764135243 0 pi+ 1144.4960805252874 0 p 550.7673430611883 0
3 pi+ 1854.2755238258492 0 pi+ 341.3794480996478 0 p 514.345028074503 0
3 pi+ 1465.4455216295582 0 pi+ 1056.2313039528462 0 p 188.3231744175956 0
3 pi+ 2336.2506140653622 0 pi+ 338.27866631549574 0 p 35.470719619142024 0
3 pi+ 653.6584079979837 0 pi+ 449.13748827639347 0 p 1607.2041037256229 0
3 pi+ 855.9545722242393 0 pi+ 225.73413691847676 0 p 1628.311290857284 0
3 pi+ 1367.987791430706 0 pi+ 331.979586857137 0 p 1010.0326217121569 0
3 pi+ 448.9589451792437 0 pi+ 1443.3554762093966 0 p 817.6855786113598 0
3 pi+ 1038.660965496815 0 pi+ 679.6177445502325 0 p 991.7212899529525 0
3 pi+ 1921.8268888175385 0 pi+ 391.3984959886098 0 p 396.7746151938518 0
3 pi+ 834.0315508035511 0 pi+ 491.96706725078013 0 p 1384.0013819456688 0
3 pi+ 875.3309609567708 0 pi+ 800.6851494418244 0 p 1033.9838896014048 0
3 pi+ 226.93148488720854 0 pi+ 1667.5744423088413 0 p 815.4940728039503 0
3 pi+ 2335.8371056258634 0 pi+ 117.40004309155161 0 p 256.7628512825849 0
3 pi+ 62.57738368116279 0 pi+ 840.5281247935695 0 p 1806.8944915252675 0
3 pi+ 190.90320449357463 0 pi+ 1921.0863880409959 0 p 598.0104074654295 0
3 pi+ 767.4424749607999 0 pi+ 1619.4711572247768 0 p 323.0863678144234 0
3 pi+ 269.84728019341117 0 pi+ 777.3627005340071 0 p 1662.7900192725817 0
3 pi+ 1133.2160226999665 0 pi+ 1018.4797446285162 0 p 558.3042326715174 0
3 pi+ 754.186812006132 0 pi+ 247.55403793462025 0 p 1708.2591500592478 0
3 pi+ 681.099543994353 0 pi+ 579.9798174518169 0 p 1448.92063855383 0
3 pi+ 1391.927460481442 0 pi+ 139.661570939945 0 p 1178.410968578613 0
3 pi+ 183.81426373576667 0 pi+ 67.56849088613238 0 p 2458.617245378101 0
3 pi+ 71.82235553316016 0 pi+ 516.1238763066715 0 p 2122.053768160168 0