3 pi+ 518.8840145370691 0 pi+ 1724.741181056644 0 p 466.3748044062867 0
3 pi+ 1028.916967936793 0 pi+ 673.3412416419824 0 p 1007.7417904212247 0
3 pi+ 2390.8302216500183 0 pi+ 267.35605268322473 0 p 51.813725666757186 0
3 pi+ 191.99917668553996 0 pi+ 519.5224206869309 0 p 1998.478402627529 0
3 pi+ 1477.8979649619512 0 pi+ 1076.1920379850976 0 p 155.9099970529511 0
3 pi+ 163.36841278501961 0 pi+ 1962.2925212149992 0 p 584.3390659999811 0
3 pi+ 382.54512242862455 0 pi+ 366.93791030536624 0 p 1960.5169672660093 0
3 pi+ 1947.6874266403508 0 pi+ 344.0514765936604 0 p 418.2610967659887 0
3 pi+ 406.9543004603782 0 pi+ 331.2248514696536 0 p 1971.8208480699682 0
3 pi+ 1770.3966975497287 0 pi+ 771.6485958124861 0 p 167.9547066377851 0
3 pi+ 2589.971190963694 0 pi+ 13.879176422569468 0 p 106.1496326137366 0
3 pi+ 637.1442537930889 0 pi+ 1238.3721025411342 0 p 834.483643665777 0
3 pi+ 1221.838882215803 0 pi+ 788.1929770566394 0 p 699.9681407275575 0
3 pi+ 70.9909820178797 0 pi+ 1598.3454504354575 0 p 1040.6635675466628 0
3 pi+ 1028.2978331988875 0 pi+ 1398.4752134186247 0 p 283.2269533824877 0
3 pi+ 775.1467723434042 0 pi+ 1545.8320794337408 0 p 389.021148222855 0
3 pi+ 802.1253262959435 0 pi+ 648.6443906376861 0 p 1259.2302830663702 0
3 pi+ 109.48762611608011 0 pi+ 2219.8062093733756 0 p 380.7061645105442 0
3 pi+ 896.7271686290935 0 pi+ 1693.105684673686 0 p 120.16714669722047 0
3 pi+ 321.4749408055668 0 pi+ 56.98254296848528 0 p 2331.542516225948 0
3 pi+ 1270.8063922768888 0 pi+ 574.9215554773223 0 p 864.272052245789 0
3 pi+ 411.60819233120867 0 pi+ 1695.354115274354 0 p 603.0376923944374 0
3 pi+ 249.06788214326568 0 pi+ 1970.8302912737574 0 p 490.1018265829768 0
3 pi+ 292.8002600483033 0 pi+ 2093.6563830888576 0 p 323.543356862839 0
3 pi+ 373.62947982751825 0 pi+ 1484.6342494880212 0 p 851.7362706844606 0
3 pi+ 720.7499827291037 0 pi+ 162.0951541887767 0 p 1827.1548630821196 0
3 pi+ 793.2058841832439 0 pi+ 1101.3717221733714 0 p 815.4223936433848 0
3 pi+ 869.6789291069495 0 pi+ 1266.958692492432 0 p 573.3623784006185 0
3 pi+ 1153.6369234590902 0 pi+ 255.74426633393622 0 p 1300.6188102069736 0
3 pi+ 1298.4941098248194 0 pi+ 755.5747588390652 0 p 655.9311313361155 0
3 pi+ 255.5820555944341 0 pi+ 1548.0624993309823 0 p 906.3554450745836 0
3 pi+ 2048.4565202074086 0 pi+ 168.20771851597286 0 p 493.3357612766186 0
3 pi+ 365.9728656557828 0 pi+ 731.5850691467892 0 p 1612.442065197428 0
3 pi+ 43.69822427596446 0 pi+ 2602.922760761133 0 p 63.3790149629026 0
3 pi+ 819.5268991685101 0 pi+ 1561.6556455304428 0 p 328.81745530104695 0
3 pi+ 1542.1913086898994 0 pi+ 766.2034189309825 0 p 401.6052723791181 0
3 pi+ 979.4165195986775 0 pi+ 438.8041496342714 0 p 1291.779330767051 0
3 pi+ 246.90009360027918 0 pi+ 533.5255719560005 0 p 1929.5743344437203 0
3 pi+ 1527.133819981846 0 pi+ 499.63490892571275 0 p 683.2312710924411 0
3 pi+ 496.4102610506726 0 pi+ 1015.7105456407079 0 p 1197.8791933086195 0
3 pi+ 54.59212590366926 0 pi+ 2421.0444962202537 0 p 234.36337787607684 0
3 pi+ 375.40069381896313 0 pi+ 2138.9408695691704 0 p 195.65843661186662 0
3 pi+ 1504.9069084048467 0 pi+ 930.4934450078304 0 p 274.5996465873229 0
3 pi+ 30.76712715391053 0 pi+ 484.5261263282618 0 p 2194.7067465178275 0
3 pi+ 933.1412878959816 0 pi+ 1567.8675376045833 0 p 208.99117449943503 0
3 pi+ 261.32954490973975 0 pi+ 1232.5597914841394 0 p 1216.1106636061209 0
3 pi+ 1961.7469301079113 0 pi+ 716.1566677448086 0 p 32.09640214728004 0
3 pi+ 1462.8596281187845 0 pi+ 1203.9958122366627 0 p 43.144559644552636 0
3 pi+ 2147.21371980748 0 pi+ 208.93966986670864 0 p 353.84661032581124 0
3 pi+ 1143.2617030951394 0 pi+ 1488.7419236002586 0 p 77.9963733046021 0
3 pi+ 1484.275968380061 0 pi+ 208.44828323767837 0 p 1017.2757483822606 0
3 pi+ 2307.7935197935103 0 pi+ 217.87601608295907 0 p 184.33046412353053 0
3 pi+ 615.8633915838028 0 pi+ 2061.6349447438697 0 p 32.501663672327496 0
3 pi+ 2352.5876241190213 0 pi+ 330.0495715012445 0 p 27.362804379734143 0
3 pi+ 822.2884208369588 0 pi+ 270.79112370327186 0 p 1616.9204554597693 0
3 pi+ 1931.6743026737504 0 pi+ 559.3040303405015 0 p 219.0216669857481 0
3 pi+ 995.3687351231746 0 pi+ 1637.298814922351 0 p 77.33244995447436 0
3 pi+ 1187.8259950795018 0 pi+ 194.33312133300802 0 p 1327.8408835874902 0
3 pi+ 380.50254847268525 0 pi+ 398.6153534533493 0 p 1930.8820980739654 0
3 pi+ 333.221863021416 0 pi+ 2343.5480233154667 0 p 33.23011366311727 0
3 pi+ 552.9354803560295 0 pi+ 1244.5310781361782 0 p 912.5334415077922 0
3 pi+ 1137.696364832211 0 pi+ 400.27714920938143 0 p 1172.0264859584076 0
3 pi+ 442.70316029410856 0 pi+ 1221.6071899391218 0 p 1045.6896497667697 0
3 pi+ 100.87400386397691 0 pi+ 1103.8235778869162 0 p 1505.302418249107 0
3 pi+ 670.7659506332013 0 pi+ 1046.6898925588926 0 p 992.5441568079062 0
3 pi+ 122.54160429831364 0 pi+ 2078.816015611766 0 p 508.64238008992015 0
3 pi+ 589.2861102601829 0 pi+ 252.42548608180098 0 p 1868.2884036580163 0
3 pi+ 79.89056276796123 0 pi+ 349.06041322229413 0 p 2281.0490240097447 0
3 pi+ 464.82991813322667 0 pi+ 1440.5508685229202 0 p 804.6192133438532 0
3 pi+ 437.37885001480123 0 pi+ 1734.0355808480929 0 p 538.585569137106 0
3 pi+ 6.5339908759934096 0 pi+ 969.5161533586643 0 p 1733.9498557653424 0
3 pi+ 1321.9260648409847 0 pi+ 1025.019538015415 0 p 363.0543971436003 0
3 pi+ 474.20424994253653 0 pi+ 2107.8908971468463 0 p 127.90485291061694 0
3 pi+ 812.4598293791004 0 pi+ 201.34177237654833 0 p 1696.1983982443512 0
3 pi+ 557.1888138128493 0 pi+ 1562.0494079201724 0 p 590.7617782669784 0
3 pi+ 1450.0992501985154 0 pi+ 196.39537214657548 0 p 1063.5053776549091 0
3 pi+ 2035.4447348688861 0 pi+ 484.28272208354457 0 p 190.27254304756934 0
3 pi+ 1422.65915731165 0 pi+ 1181.428169682437 0 p 105.91267300591284 0
3 pi+ 709.6534066289032 0 pi+ 371.82285968865045 0 p 1628.5237336824464 0
3 pi+ 591.8859977057936 0 pi+ 1317.9269645226557 0 p 800.1870377715506 0
3 pi+ 1602.036185279211 0 pi+ 1029.7122938801967 0 p 78.25152084059233 0
3 pi+ 1685.8403651414942 0 pi+ 104.78659825164551 0 p 919.3730366068604 0
3 pi+ 1264.056872906922 0 pi+ 495.35435292820785 0 p 950.5887741648701 0
3 pi+ 434.79479283689636 0 pi+ 100.31394666012748 0 p 2174.8912605029764 0
3 pi+ 47.00982393780707 0 pi+ 1683.8469753547508 0 p 979.1432007074421 0
3 pi+ 967.2444017195443 0 pi+ 567.1299698206764 0 p 1175.6256284597794 0
3 pi+ 1265.000428194536 0 pi+ 577.1391028957553 0 p 867.8604689097089 0
3 pi+ 688.1610365364653 0 pi+ 1113.8119639874362 0 p 908.0269994760985 0
3 pi+ 1463.1954002340974 0 pi+ 1166.9042641448186 0 p 79.9003356210838 0
3 pi+ 1180.8304044352456 0 pi+ 163.92242933366674 0 p 1365.2471662310877 0
3 pi+ 1300.8061077556097 0 pi+ 426.61918423435594 0 p 982.5747080100344 0
3 pi+ 405.6969747159905 0 pi+ 2194.16609830451 0 p 110.13692697949952 0
3 pi+ 152.8820328248795 0 pi+ 702.0205978572586 0 p 1855.0973693178619 0
3 pi+ 1172.8385898403978 0 pi+ 1056.458275255198 0 p 480.7031349044041 0
3 pi+ 214.91861252793603 0 pi+ 82.85512133774817 0 p 2412.2262661343157 0
3 pi+ 1303.0023389218568 0 pi+ 912.3883013732291 0 p 494.60935970491414 0
3 pi+ 932.3987057520085 0 pi+ 68.7576803112829 0 p 1708.8436139367086 0
3 pi+ 964.4934368248087 0 pi+ 839.4747344971164 0 p 906.0318286780749 0
3 pi+ 218.72557666693197 0 pi+ 1457.875742515039 0 p 1033.3986808180289 0
3 pi+ 1467.123824518734 0 pi+ 369.46587638930737 0 p 873.4102990919587 0