3 pi+ 1363.3268204029907 0 pi+ 229.97959935333566 0 p 1116.6935802436735 0
3 pi+ 1137.1325522177187 0 pi+ 1572.440014053274 0 p 0.42743372900728827 0
3 pi+ 727.9566866506519 0 pi+ 846.1847299916697 0 p 1135.8585833576783 0
3 pi+ 569.881349520459 0 pi+ 1128.9236726292775 0 p 1011.1949778502635 0
3 pi+ 1344.6969865991293 0 pi+ 261.7680760196996 0 p 1103.5349373811712 0
3 pi+ 2174.2677447151377 0 pi+ 198.40406006265144 0 p 337.32819522221087 0
3 pi+ 2009.3346542423344 0 pi+ 163.87629639097793 0 p 536.7890493666875 0
3 pi+ 992.7060472626374 0 pi+ 910.3850396836817 0 p 806.9089130536809 0
3 pi+ 791.5569437296635 0 pi+ 455.44738489880683 0 p 1462.9956713715296 0
3 pi+ 881.475671554842 0 pi+ 1308.804332609136 0 p 519.7199958360219 0
3 pi+ 2098.908649218262 0 pi+ 316.60204224925997 0 p 294.4893085324782 0
3 pi+ 561.1313778380734 0 pi+ 10.07554503406396 0 p 2138.7930771278625 0
3 pi+ 1068.8951736257477 0 pi+ 893.2127867634707 0 p 747.8920396107816 0
3 pi+ 199.90631730753285 0 pi+ 2451.470088314097 0 p 58.62359437837014 0
3 pi+ 868.9478718728814 0 pi+ 228.16148769327867 0 p 1612.89064043384 0
3 pi+ 12.214329123417905 0 pi+ 2088.3918166833205 0 p 609.3938541932615 0
3 pi+ 443.3273900113397 0 pi+ 327.2276592278653 0 p 1939.444950760795 0
3 pi+ 1295.8484741340471 0 pi+ 87.76784696561434 0 p 1326.3836789003385 0
3 pi+ 485.1903143822401 0 pi+ 1365.1184450392204 0 p 859.6912405785395 0
3 pi+ 88.27975261781272 0 pi+ 2586.6921917100385 0 p 35.0280556721486 0
3 pi+ 1545.2429003116758 0 pi+ 44.276648946663485 0 p 1120.4804507416607 0
3 pi+ 1094.683236414188 0 pi+ 116.54706007621 0 p 1498.769703509602 0
3 pi+ 414.3724031627446 0 pi+ 464.7447564736539 0 p 1830.8828403636014 0
3 pi+ 877.7802901723286 0 pi+ 785.0346949098705 0 p 1047.1850149178008 0
3 pi+ 530.9853219849605 0 pi+ 1780.8004878560728 0 p 398.2141901589668 0
3 pi+ 631.8277367216886 0 pi+ 1388.3369011502564 0 p 689.8353621280551 0
3 pi+ 717.019743186285 0 pi+ 615.192415604106 0 p 1377.787841209609 0
3 pi+ 1055.9189069885538 0 pi+ 453.2368071084334 0 p 1200.8442859030129 0
3 pi+ 1701.8929079212016 0 pi+ 971.5410726145219 0 p 36.566019464276536 0
3 pi+ 1491.9808591815765 0 pi+ 458.4385509671707 0 p 759.5805898512526 0
3 pi+ 2261.5961954455674 0 pi+ 434.58223551530784 0 p 13.821569039124718 0
3 pi+ 2370.119766070911 0 pi+ 146.42230519195488 0 p 193.45792873713418 0
3 pi+ 164.4928421098712 0 pi+ 2210.378091572692 0 p 335.12906631743664 0
3 pi+ 94.63948697986741 0 pi+ 2356.4929472417343 0 p 258.8675657783982 0
3 pi+ 98.76781834404785 0 pi+ 1685.8973482119877 0 p 925.3348334439645 0
3 pi+ 1395.440780259622 0 pi+ 370.00569016319366 0 p 944.5535295771842 0
3 pi+ 782.9031639122785 0 pi+ 1831.8286646807624 0 p 95.26817140695917 0
3 pi+ 603.3081279355112 0 pi+ 1168.7554480007425 0 p 937.9364240637464 0
3 pi+ 1926.3468664685663 0 pi+ 155.38298441065797 0 p 628.2701491207757 0
3 pi+ 1145.9331457822996 0 pi+ 1098.858740550042 0 p 465.2081136676584 0
3 pi+ 1441.4098543097277 0 pi+ 1053.3524281520963 0 p 215.23771753817613 0
3 pi+ 378.7168373725567 0 pi+ 1118.1624257838516 0 p 1213.1207368435917 0
3 pi+ 1541.020722137074 0 pi+ 606.4382827330654 0 p 562.5409951298606 0
3 pi+ 212.95256272051287 0 pi+ 1406.807378137712 0 p 1090.2400591417752 0
3 pi+ 328.0782792610477 0 pi+ 706.0318306945369 0 p 1675.8898900444153 0
3 pi+ 1244.7199522226995 0 pi+ 1135.2766655725263 0 p 330.00338220477437 0
3 pi+ 38.19951250646986 0 pi+ 871.7404407935132 0 p 1800.060046700017 0
3 pi+ 154.9198689875243 0 pi+ 150.7609155163708 0 p 2404.319215496105 0
3 pi+ 2038.4941786356076 0 pi+ 494.83172912858686 0 p 176.67409223580552 0
3 pi+ 2019.299750911392 0 pi+ 580.0715768781736 0 p 110.62867221043442 0
3 pi+ 46.99339165738815 0 pi+ 248.680086864384 0 p 2414.3265214782277 0
3 pi+ 92.4335619896718 0 pi+ 701.0680822690429 0 p 1916.4983557412854 0
3 pi+ 410.00630645862225 0 pi+ 657.5055574275814 0 p 1642.4881361137964 0
3 pi+ 1939.33889571431 0 pi+ 489.32499370409846 0 p 281.33611058159164 0
3 pi+ 1001.7461698056429 0 pi+ 1656.1805808297552 0 p 52.07324936460186 0
3 pi+ 123.8968769278048 0 pi+ 2124.4372181527433 0 p 461.6659049194519 0
3 pi+ 1634.6454995727026 0 pi+ 699.847781037995 0 p 375.5067193893024 0
3 pi+ 2119.8590034005306 0 pi+ 404.73116202786923 0 p 185.4098345716001 0
3 pi+ 870.0939860995728 0 pi+ 1277.400117529205 0 p 562.5058963712221 0
3 pi+ 1321.5833154977765 0 pi+ 692.1399185523992 0 p 696.2767659498243 0
3 pi+ 1145.3713300371405 0 pi+ 465.99371131733574 0 p 1098.6349586455237 0
3 pi+ 1172.3758660437063 0 pi+ 0.28153087754704376 0 p 1537.3426030787466 0
3 pi+ 654.0265355771317 0 pi+ 926.335145233397 0 p 1129.6383191894713 0
3 pi+ 1121.5893902320436 0 pi+ 1487.3131458472908 0 p 101.09746392066556 0
3 pi+ 1541.8847567789705 0 pi+ 434.3915720631698 0 p 733.7236711578596 0
3 pi+ 741.235244937419 0 pi+ 1945.7072920354924 0 p 23.05746302708859 0
3 pi+ 17.987975593868004 0 pi+ 81.55618896915284 0 p 2610.455835436979 0
3 pi+ 184.49347493339377 0 pi+ 1202.9248823411158 0 p 1322.5816427254904 0
3 pi+ 690.262731701965 0 pi+ 524.0282138888128 0 p 1495.709054409222 0
3 pi+ 1091.8287815729527 0 pi+ 487.2726372021003 0 p 1130.898581224947 0
3 pi+ 811.7252824803704 0 pi+ 1107.8964455669923 0 p 790.3782719526373 0
3 pi+ 706.9550373695824 0 pi+ 46.700711799935455 0 p 1956.344250830482 0
3 pi+ 797.0330776292379 0 pi+ 1425.658216792182 0 p 487.3087055785801 0
3 pi+ 1648.6020832486824 0 pi+ 821.8843540892356 0 p 239.5135626620819 0
3 pi+ 1623.6011268225418 0 pi+ 658.631232422045 0 p 427.7676407554132 0
3 pi+ 341.9594307691295 0 pi+ 109.39146349731885 0 p 2258.6491057335516 0
3 pi+ 1785.1227934437954 0 pi+ 141.86246468885307 0 p 783.0147418673516 0
3 pi+ 1121.5783985269388 0 pi+ 1157.041054630422 0 p 431.3805468426393 0
3 pi+ 151.2000529769748 0 pi+ 905.3181300877706 0 p 1653.4818169352548 0
3 pi+ 2535.390262287512 0 pi+ 21.0028555764283 0 p 153.60688213605948 0
3 pi+ 822.9060714154209 0 pi+ 106.65947428094196 0 p 1780.434454303637 0
3 pi+ 2354.0942508575868 0 pi+ 341.110462510714 0 p 14.795286631699247 0
3 pi+ 201.51664513282367 0 pi+ 142.37692875530223 0 p 2366.106426111874 0
3 pi+ 2333.7014990503662 0 pi+ 37.7185579795944 0 p 338.5799429700393 0
3 pi+ 809.8254985629777 0 pi+ 223.03527074871513 0 p 1677.1392306883072 0
3 pi+ 1655.0928998953307 0 pi+ 524.5469721940001 0 p 530.3601279106693 0
3 pi+ 713.385583230716 0 pi+ 74.4942050838933 0 p 1922.1202116853908 0
3 pi+ 793.9225871101396 0 pi+ 41.482295515221075 0 p 1874.5951173746394 0
3 pi+ 1427.0737186903139 0 pi+ 421.64477965678356 0 p 861.2815016529025 0
3 pi+ 1340.9030037156963 0 pi+ 981.5442962850141 0 p 387.55269999928964 0
3 pi+ 672.166340301368 0 pi+ 205.11915294186446 0 p 1832.7145067567676 0
3 pi+ 1164.7031822710142 0 pi+ 275.6814554107489 0 p 1269.6153623182367 0
3 pi+ 65.4633380934778 0 pi+ 2119.323322212446 0 p 525.2133396940762 0
3 pi+ 230.98843123614148 0 pi+ 286.50873460567846 0 p 2192.50283415818 0
3 pi+ 1368.7520111053072 0 pi+ 732.351026934986 0 p 608.8969619597068 0
3 pi+ 252.0126549801759 0 pi+ 1779.5790650479473 0 p 678.4082799718768 0
3 pi+ 522.2914347287096 0 pi+ 828.7278085795331 0 p 1358.9807566917573 0
3 pi+ 771.1425309894771 0 pi+ 445.4735777189212 0 p 1493.3838912916017 0
3 pi+ 161.18065747695087 0 pi+ 56.908519882089706 0 p 2491.9108226409594 0
3 pi+ 279.0018064425998 0 pi+ 617.8104522713422 0 p 1813.187741286058 0