3 pi+ 1639.329427874574 0 pi+ 227.51414315796262 0 p 843.1564289674634 0
3 pi+ 1936.6392681989241 0 pi+ 764.0355407615151 0 p 9.325191039560712 0
3 pi+ 601.9352570828271 0 pi+ 1217.560962835108 0 p 890.503780082065 0
3 pi+ 1088.031944268699 0 pi+ 56.75528861764392 0 p 1565.212767113657 0
3 pi+ 1570.895969216771 0 pi+ 332.8299037985328 0 p 806.2741269846963 0
3 pi+ 2373.8511019250154 0 pi+ 217.22755296417995 0 p 118.92134511080476 0
3 pi+ 967.3606818744804 0 pi+ 448.56846113827527 0 p 1294.0708569872443 0
3 pi+ 1183.3382957447304 0 pi+ 810.083353740985 0 p 716.5783505142847 0
3 pi+ 372.0881786941092 0 pi+ 83.74275041494975 0 p 2254.169070890941 0
3 pi+ 561.3976156873813 0 pi+ 319.2509665257459 0 p 1829.3514177868728 0
3 pi+ 2226.7553443348 0 pi+ 124.57877285090666 0 p 358.665882814293 0
3 pi+ 1143.3781015166671 0 pi+ 1541.179991792299 0 p 25.44190669103381 0
3 pi+ 836.6646048908156 0 pi+ 115.86005311383673 0 p 1757.4753419953477 0
3 pi+ 663.837845902084 0 pi+ 41.918674208546584 0 p 2004.2434798893694 0
3 pi+ 758.5156778722074 0 pi+ 1169.7714474861568 0 p 781.7128746416357 0
3 pi+ 22.49239922017147 0 pi+ 409.7336173476341 0 p 2277.773983432194 0
3 pi+ 1587.7199574793328 0 pi+ 517.3093210229579 0 p 604.9707214977093 0
3 pi+ 518.8729082940541 0 pi+ 1121.1888440702119 0 p 1069.938247635734 0
3 pi+ 1922.247913932817 0 pi+ 761.1656064245791 0 p 26.586479642603962 0
3 pi+ 797.7203393907106 0 pi+ 1874.1956855792628 0 p 38.083975030026565 0
3 pi+ 522.528849486889 0 pi+ 1173.010630444996 0 p 1014.4605200681151 0
3 pi+ 489.5023367807608 0 pi+ 224.44476283275011 0 p 1996.052900386489 0
3 pi+ 438.7349294722757 0 pi+ 1732.0413473821866 0 p 539.2237231455376 0
3 pi+ 1052.4208009822717 0 pi+ 498.89592189992186 0 p 1158.6832771178065 0
3 pi+ 1848.3479183135637 0 pi+ 521.7835609073429 0 p 339.86852077909344 0
3 pi+ 865.717812515195 0 pi+ 1517.951996004739 0 p 326.3301914800661 0
3 pi+ 633.0503999843748 0 pi+ 560.1306970482591 0 p 1516.818902967366 0
3 pi+ 1174.1837330779276 0 pi+ 660.5669736178694 0 p 875.2492933042029 0
3 pi+ 1331.1525305717214 0 pi+ 650.168075178742 0 p 728.6793942495365 0
3 pi+ 550.8874836906781 0 pi+ 1933.9201423000036 0 p 225.19237400931846 0
3 pi+ 243.09984907777815 0 pi+ 2274.4826545357187 0 p 192.4174963865031 0
3 pi+ 147.03273099996983 0 pi+ 1795.212209517156 0 p 767.7550594828742 0
3 pi+ 995.5198994754396 0 pi+ 113.14979106329068 0 p 1601.3303094612697 0
3 pi+ 376.28229585444507 0 pi+ 1302.2794130799339 0 p 1031.4382910656211 0
3 pi+ 786.4409478812812 0 pi+ 318.41944487736663 0 p 1605.1396072413522 0
3 pi+ 682.1299908667684 0 pi+ 1778.2519715113276 0 p 249.61803762190408 0
3 pi+ 405.2530208553177 0 pi+ 1255.7711045723704 0 p 1048.975874572312 0
3 pi+ 756.9892553791815 0 pi+ 686.7553409992355 0 p 1266.2554036215831 0
3 pi+ 824.4837988072516 0 pi+ 231.7340284136637 0 p 1653.7821727790847 0
3 pi+ 427.24462252825055 0 pi+ 1342.6421536974879 0 p 940.1132237742617 0
3 pi+ 1253.155652533381 0 pi+ 611.2687508185113 0 p 845.5755966481078 0
3 pi+ 1064.8658880264516 0 pi+ 925.1237846789811 0 p 720.0103272945673 0
3 pi+ 57.860855164560654 0 pi+ 1906.3737899408825 0 p 745.7653548945568 0
3 pi+ 247.48283840788193 0 pi+ 1767.5046122466038 0 p 695.0125493455143 0
3 pi+ 1052.972083888592 0 pi+ 286.4281812155262 0 p 1370.599734895882 0
3 pi+ 2172.2207212619337 0 pi+ 360.58066077849617 0 p 177.1986179595701 0
3 pi+ 38.93707815514785 0 pi+ 1427.131945430659 0 p 1243.930976414193 0
3 pi+ 24.11116315418201 0 pi+ 1591.6942229598333 0 p 1094.1946138859848 0
3 pi+ 1853.7386813019746 0 pi+ 119.46708404144542 0 p 736.79423465658 0
3 pi+ 1619.5326342567528 0 pi+ 108.59525334286252 0 p 981.8721124003846 0
3 pi+ 949.4766471527352 0 pi+ 595.5610624860459 0 p 1164.962290361219 0
3 pi+ 44.30322046131881 0 pi+ 2330.6807301854546 0 p 335.0160493532265 0
3 pi+ 1328.7913204740935 0 pi+ 1229.49902250094 0 p 151.70965702496642 0
3 pi+ 204.13486073963594 0 pi+ 1242.5323172452072 0 p 1263.332822015157 0
3 pi+ 727.2045128682809 0 pi+ 1475.1845571099097 0 p 507.61093002180934 0
3 pi+ 1313.156116616221 0 pi+ 218.43143395866608 0 p 1178.412449425113 0
3 pi+ 514.3929788266593 0 pi+ 2165.2945947328153 0 p 30.312426440525233 0
3 pi+ 73.97228833305736 0 pi+ 158.18106074570915 0 p 2477.8466509212335 0
3 pi+ 527.1115768453429 0 pi+ 170.90082323799842 0 p 2011.9875999166586 0
3 pi+ 197.99686675855813 0 pi+ 695.1972798260026 0 p 1816.8058534154393 0
3 pi+ 32.95181729686315 0 pi+ 1947.1164486377852 0 p 729.9317340653517 0
3 pi+ 1253.7942863769156 0 pi+ 1333.4365693363256 0 p 122.7691442867587 0
3 pi+ 805.5415725604333 0 pi+ 1451.2579592106224 0 p 453.20046822894426 0
3 pi+ 685.1246029179774 0 pi+ 549.5879124915323 0 p 1475.2874845904903 0
3 pi+ 2281.531201384099 0 pi+ 334.67582675016695 0 p 93.7929718657341 0
3 pi+ 1309.2096142255893 0 pi+ 82.51157733958053 0 p 1318.2788084348301 0
3 pi+ 1073.9272145925827 0 pi+ 378.16592494033864 0 p 1257.9068604670786 0
3 pi+ 113.95826471579045 0 pi+ 1638.9970866051522 0 p 957.0446486790573 0
3 pi+ 1794.4142481283604 0 pi+ 126.42918050518625 0 p 789.1565713664535 0
3 pi+ 9.876971077718741 0 pi+ 2224.847288611093 0 p 475.2757403111882 0
3 pi+ 1345.0815328120682 0 pi+ 74.74997798172443 0 p 1290.1684892062074 0
3 pi+ 2689.1822057352233 0 pi+ 14.04771218534213 0 p 6.770082079434468 0
3 pi+ 1075.6152148819194 0 pi+ 868.0553320726484 0 p 766.3294530454322 0
3 pi+ 729.9782720190624 0 pi+ 1872.0623562706419 0 p 107.95937171029561 0
3 pi+ 304.212987910536 0 pi+ 2132.637289863166 0 p 273.1497222262979 0
3 pi+ 1060.3765799744751 0 pi+ 1627.3295655386635 0 p 22.29385448686148 0
3 pi+ 1197.0295515774956 0 pi+ 299.60416026390993 0 p 1213.3662881585944 0
3 pi+ 586.2818207804903 0 pi+ 877.7816375124984 0 p 1245.9365417070112 0
3 pi+ 418.8160258298946 0 pi+ 46.15798782455984 0 p 2245.025986345546 0
3 pi+ 528.4168662650828 0 pi+ 400.4533091879096 0 p 1781.1298245470075 0
3 pi+ 45.09618103606834 0 pi+ 2041.3171696640973 0 p 623.5866492998344 0
3 pi+ 1811.7183527965742 0 pi+ 164.98090479771156 0 p 733.3007424057143 0
3 pi+ 1877.5542040878936 0 pi+ 706.4442057220288 0 p 126.00159019007758 0
3 pi+ 783.4089689993274 0 pi+ 876.0678889005704 0 p 1050.5231421001022 0
3 pi+ 288.1459759064252 0 pi+ 517.1561978824803 0 p 1904.6978262110945 0
3 pi+ 1346.7731305102905 0 pi+ 659.6992371434808 0 p 703.5276323462288 0
3 pi+ 367.93297643855533 0 pi+ 375.4254846379299 0 p 1966.6415389235149 0
3 pi+ 768.5825779795019 0 pi+ 501.56272910452776 0 p 1439.8546929159702 0
3 pi+ 1179.8344444893278 0 pi+ 958.2089734701627 0 p 571.9565820405096 0
3 pi+ 144.8247628764602 0 pi+ 397.22437908619924 0 p 2167.9508580373404 0
3 pi+ 455.2673680970751 0 pi+ 389.30006804241145 0 p 1865.4325638605135 0
3 pi+ 206.09025083053254 0 pi+ 1155.936437941053 0 p 1347.9733112284143 0
3 pi+ 1476.6209103149276 0 pi+ 1074.9783587115471 0 p 158.40073097352524 0
3 pi+ 393.19594844997704 0 pi+ 761.7243094000969 0 p 1555.079742149926 0
3 pi+ 1586.6839649189133 0 pi+ 180.54352991464816 0 p 942.7725051664386 0
3 pi+ 1058.9159101070532 0 pi+ 906.0282260614242 0 p 745.0558638315227 0
3 pi+ 1458.251235361918 0 pi+ 424.2510989530375 0 p 827.4976656850445 0
3 pi+ 1525.1538364704534 0 pi+ 959.7487824993598 0 p 225.0973810301868 0
3 pi+ 346.80285763107423 0 pi+ 606.9600990718662 0 p 1756.2370432970595 0
3 pi+ 556.121572263232 0 pi+ 655.7125147398964 0 p 1498.1659129968716 0