3 pi+ 1186.1852282245086 0 pi+ 549.4961718621764 0 p 974.318599913315 0
3 pi+ 1211.494628306658 0 pi+ 980.0082165666838 0 p 518.4971551266583 0
3 pi+ 2191.0373293326547 0 pi+ 9.610754156051547 0 p 509.3519165112939 0
3 pi+ 2267.944325449568 0 pi+ 334.711975668135 0 p 107.34369888229675 0
3 pi+ 2563.1159779290006 0 pi+ 82.91963226250898 0 p 63.96438980849063 0
3 pi+ 2179.7100644299426 0 pi+ 70.95203649697882 0 p 459.33789907307846 0
3 pi+ 928.2611009382894 0 pi+ 1291.5331762467104 0 p 490.20572281500023 0
3 pi+ 949.3088005222385 0 pi+ 470.863320946125 0 p 1289.8278785316365 0
3 pi+ 857.0369717085566 0 pi+ 1398.172440977084 0 p 454.79058731435924 0
3 pi+ 86.63054400049148 0 pi+ 2280.3298702270104 0 p 343.03958577249836 0
3 pi+ 658.1169984655073 0 pi+ 1189.130983165139 0 p 862.7520183693537 0
3 pi+ 1912.5432588060658 0 pi+ 469.9419820701463 0 p 327.514759123788 0
3 pi+ 1440.331134260309 0 pi+ 480.89504927876857 0 p 788.7738164609225 0
3 pi+ 1293.8037741670955 0 pi+ 386.20963568320377 0 p 1029.9865901497008 0
3 pi+ 961.1743098169954 0 pi+ 1514.0844595496374 0 p 234.74123063336734 0
3 pi+ 1893.133538710441 0 pi+ 601.263928636195 0 p 215.6025326533639 0
3 pi+ 274.35432543254024 0 pi+ 1942.0273678476929 0 p 493.618306719767 0
3 pi+ 1411.3590755082168 0 pi+ 1258.961735845975 0 p 39.679188645808146 0
3 pi+ 1494.8188003421237 0 pi+ 268.33806859578 0 p 946.8431310620962 0
3 pi+ 683.9575861835573 0 pi+ 568.3118327181202 0 p 1457.7305810983225 0
3 pi+ 238.3436938167891 0 pi+ 502.61678608782074 0 p 1969.0395200953901 0
3 pi+ 1079.4853493911544 0 pi+ 787.9467340650011 0 p 842.5679165438446 0
3 pi+ 382.235761662218 0 pi+ 2022.3915498739145 0 p 305.3726884638674 0
3 pi+ 422.35340314898843 0 pi+ 2279.5699980624972 0 p 8.076598788514284 0
3 pi+ 704.194527995913 0 pi+ 2001.4132839218044 0 p 4.392188082282632 0
3 pi+ 1859.0202432169688 0 pi+ 49.50110372647902 0 p 801.478653056552 0
3 pi+ 816.7167691659785 0 pi+ 838.2286964771846 0 p 1055.054534356837 0
3 pi+ 729.0934762810455 0 pi+ 132.69810591048116 0 p 1848.2084178084733 0
3 pi+ 327.17374812073126 0 pi+ 2129.768687592916 0 p 253.05756428635246 0
3 pi+ 1305.5570071307875 0 pi+ 836.8177584561653 0 p 567.6252344130471 0
3 pi+ 133.52694700340516 0 pi+ 517.9863820018483 0 p 2058.4866709947464 0
3 pi+ 436.7133066856307 0 pi+ 683.4639234493791 0 p 1589.8227698649903 0
3 pi+ 924.9369735655252 0 pi+ 127.40626412785998 0 p 1657.6567623066148 0
3 pi+ 1480.4309703644674 0 pi+ 441.1970611016265 0 p 788.371968533906 0
3 pi+ 2170.5349434526033 0 pi+ 292.5311124767013 0 p 246.93394407069545 0
3 pi+ 1459.4787638165667 0 pi+ 491.1198084971365 0 p 759.4014276862969 0
3 pi+ 1256.5126443450877 0 pi+ 573.4314252709419 0 p 880.0559303839703 0
3 pi+ 52.62886547366643 0 pi+ 2442.933283918271 0 p 214.4378506080624 0
3 pi+ 2551.3886140451755 0 pi+ 109.3237720875708 0 p 49.28761386725372 0
3 pi+ 443.0973585418232 0 pi+ 704.3301224384504 0 p 1562.5725190197263 0
3 pi+ 314.5847653180225 0 pi+ 1299.253500656058 0 p 1096.1617340259197 0
3 pi+ 401.4662193258815 0 pi+ 1206.63123934294 0 p 1101.9025413311783 0
3 pi+ 1431.4924146155838 0 pi+ 280.33437988969945 0 p 998.1732054947166 0
3 pi+ 390.82353637615387 0 pi+ 335.9461013275033 0 p 1983.2303622963427 0
3 pi+ 1257.1983066056735 0 pi+ 677.3456203949756 0 p 775.4560729993509 0
3 pi+ 1200.548847243849 0 pi+ 194.77939001218024 0 p 1314.671762743971 0
3 pi+ 1734.8354525343213 0 pi+ 215.25293928287593 0 p 759.9116081828026 0
3 pi+ 263.661489493882 0 pi+ 535.980234063139 0 p 1910.3582764429789 0
3 pi+ 1001.9467212083215 0 pi+ 21.101833207614984 0 p 1686.9514455840635 0
3 pi+ 1776.7429057119448 0 pi+ 587.083418906738 0 p 346.17367538131714 0
3 pi+ 1120.9369127247783 0 pi+ 75.94219292592315 0 p 1513.1208943492986 0
3 pi+ 1833.9024104541977 0 pi+ 696.4034983801627 0 p 179.69409116563972 0
3 pi+ 1703.7270215722629 0 pi+ 203.34686189600015 0 p 802.926116531737 0
3 pi+ 114.36156212075461 0 pi+ 2014.723316775628 0 p 580.9151211036174 0
3 pi+ 1084.6648139250024 0 pi+ 1052.6469917048682 0 p 572.6881943701294 0
3 pi+ 1195.5157626120133 0 pi+ 1225.0113615932314 0 p 289.4728757947553 0
3 pi+ 399.21212827646394 0 pi+ 487.44927565763834 0 p 1823.3385960658977 0
3 pi+ 1820.0247545754626 0 pi+ 563.5695022479575 0 p 326.40574317657996 0
3 pi+ 928.5667674713759 0 pi+ 959.3948060325988 0 p 822.0384264960253 0
3 pi+ 1773.9698734301387 0 pi+ 620.7845740978047 0 p 315.24555247205654 0
3 pi+ 671.1499386130929 0 pi+ 1661.6533431227426 0 p 377.1967182641646 0
3 pi+ 327.37323681266275 0 pi+ 1318.188535630929 0 p 1064.4382275564083 0
3 pi+ 1306.0781419976872 0 pi+ 200.56260340991204 0 p 1203.3592545924007 0
3 pi+ 374.800372258158 0 pi+ 1061.2944216306644 0 p 1273.9052061111777 0
3 pi+ 1579.958828740455 0 pi+ 380.9156658909729 0 p 749.1255053685721 0
3 pi+ 315.6608730462888 0 pi+ 537.811820508745 0 p 1856.5273064449661 0
3 pi+ 1492.5112575367136 0 pi+ 779.8357818270537 0 p 437.65296063623265 0
3 pi+ 567.3967405698259 0 pi+ 292.1993179228394 0 p 1850.4039415073348 0
3 pi+ 44.754979084737975 0 pi+ 2439.0495485397746 0 p 226.1954723754873 0
3 pi+ 217.00592558070974 0 pi+ 349.5088695285302 0 p 2143.48520489076 0
3 pi+ 1724.178958581295 0 pi+ 920.5207484132212 0 p 65.30029300548358 0
3 pi+ 802.8337232218146 0 pi+ 1866.8087817347316 0 p 40.35749504345376 0
3 pi+ 2037.349891550684 0 pi+ 360.2207605994899 0 p 312.42934784982594 0
3 pi+ 879.1391696863908 0 pi+ 1033.9044072832428 0 p 796.9564230303663 0
3 pi+ 2651.142515461955 0 pi+ 50.86598046414926 0 p 7.9915040738958005 0
3 pi+ 1083.3510898968516 0 pi+ 1515.4567661745739 0 p 111.19214392857458 0
3 pi+ 378.57839334403366 0 pi+ 1063.9127568412414 0 p 1267.5088498147252 0
3 pi+ 1584.6810525605836 0 pi+ 661.6150868973398 0 p 463.70386054207654 0
3 pi+ 531.9595492167069 0 pi+ 2041.5142171950856 0 p 136.5262335882076 0
3 pi+ 1812.564790252675 0 pi+ 523.8046920660992 0 p 373.6305176812258 0
3 pi+ 1875.0064524785525 0 pi+ 92.0084678348369 0 p 742.9850796866107 0
3 pi+ 465.05493477314917 0 pi+ 938.5278989681171 0 p 1306.4171662587337 0
3 pi+ 1942.2202253006687 0 pi+ 272.1399601257893 0 p 495.6398145735419 0
3 pi+ 1075.328572369478 0 pi+ 1189.462068953364 0 p 445.20935867715787 0
3 pi+ 355.47185718212097 0 pi+ 1580.5154267277333 0 p 774.0127160901459 0
3 pi+ 124.57646177088527 0 pi+ 1066.0157829290217 0 p 1519.4077553000932 0
3 pi+ 411.5807071582631 0 pi+ 1240.9483789704516 0 p 1057.4709138712853 0
3 pi+ 778.3645028993457 0 pi+ 1416.3370993359308 0 p 515.2983977647236 0
3 pi+ 1098.8799927565487 0 pi+ 414.56845600205565 0 p 1196.5515512413956 0
3 pi+ 34.45764800918341 0 pi+ 828.492844694518 0 p 1847.0495072962985 0
3 pi+ 569.4137549806567 0 pi+ 882.215917309932 0 p 1258.3703277094114 0
3 pi+ 728.1155666445032 0 pi+ 56.290151167099616 0 p 1925.594282188397 0
3 pi+ 500.6452156668911 0 pi+ 1716.4574239564313 0 p 492.89736037667774 0
3 pi+ 535.6826225353894 0 pi+ 1927.9481197794507 0 p 246.36925768515994 0
3 pi+ 432.3606406929067 0 pi+ 984.4833517416511 0 p 1293.1560075654422 0
3 pi+ 1791.1987926350441 0 pi+ 864.2171977862462 0 p 54.5840095787098 0
3 pi+ 814.6936127551545 0 pi+ 740.610686554947 0 p 1154.6957006898983 0
3 pi+ 244.24781532513157 0 pi+ 468.9479679898772 0 p 1996.8042166849912 0
3 pi+ 1240.163932123201 0 pi+ 335.62196939143985 0 p 1134.2140984853593 0
3 pi+ 1891.0680931664378 0 pi+ 336.1980903111965 0 p 482.73381652236554 0