3 pi+ 89.745517403917 0 pi+ 89.968762110084 0 p 2530.285720485999 0
3 pi+ 497.2326751063584 0 pi+ 1542.4244706915463 0 p 670.3428542020954 0
3 pi+ 1608.5293683427349 0 pi+ 632.3072286465373 0 p 469.16340301072773 0
3 pi+ 1419.4710211601744 0 pi+ 474.87266403511506 0 p 815.6563148047106 0
3 pi+ 1049.1202722525106 0 pi+ 1632.4821532759715 0 p 28.39757447151792 0
3 pi+ 645.0331209429938 0 pi+ 762.7288689158139 0 p 1302.2380101411923 0
3 pi+ 945.9791685545692 0 pi+ 1099.9751197357439 0 p 664.0457117096869 0
3 pi+ 230.56035312895136 0 pi+ 581.4517408656225 0 p 1897.987906005426 0
3 pi+ 1119.4342495103772 0 pi+ 1016.1114937556645 0 p 574.4542567339583 0
3 pi+ 1560.239097787837 0 pi+ 646.1929563745001 0 p 503.56794583766293 0
3 pi+ 255.48436353510854 0 pi+ 720.8113725214671 0 p 1733.7042639434244 0
3 pi+ 1526.193899126371 0 pi+ 292.96088918863353 0 p 890.8452116849954 0
3 pi+ 1897.4415308246564 0 pi+ 525.9054511276923 0 p 286.65301804765113 0
3 pi+ 459.2452900176673 0 pi+ 261.1708914889454 0 p 1989.5838184933873 0
3 pi+ 1884.623031677877 0 pi+ 606.5837478798537 0 p 218.7932204422694 0
3 pi+ 2352.182010371946 0 pi+ 343.59203142787834 0 p 14.225958200175613 0
3 pi+ 537.7071783225954 0 pi+ 163.65827244129696 0 p 2008.6345492361077 0
3 pi+ 872.3401295440789 0 pi+ 600.3868906370058 0 p 1237.2729798189152 0
3 pi+ 1023.4378938601021 0 pi+ 1415.1444433408046 0 p 271.41766279909336 0
3 pi+ 198.96983470428728 0 pi+ 1545.7462821330525 0 p 965.2838831626601 0
3 pi+ 1414.3857476870746 0 pi+ 803.4866795988085 0 p 492.1275727141169 0
3 pi+ 948.3127099687318 0 pi+ 544.8788100756071 0 p 1216.808479955661 0
3 pi+ 584.813032136597 0 pi+ 1089.855487305825 0 p 1035.331480557578 0
3 pi+ 1596.9011880893597 0 pi+ 143.77122197359375 0 p 969.3275899370466 0
3 pi+ 300.2144721028441 0 pi+ 1425.8569893500633 0 p 983.9285385470927 0
3 pi+ 1262.7422188244702 0 pi+ 1159.3862300213245 0 p 287.8715511542051 0
3 pi+ 1796.9814337825655 0 pi+ 296.7037687257789 0 p 616.3147974916556 0
3 pi+ 177.26230099616168 0 pi+ 91.46637539632705 0 p 2441.271323607511 0
3 pi+ 1063.2495258021452 0 pi+ 850.6523457746406 0 p 796.0981284232142 0
3 pi+ 539.2944186395749 0 pi+ 1381.1076460324769 0 p 789.5979353279483 0
3 pi+ 215.05219540179536 0 pi+ 2190.4334030688015 0 p 304.51440152940313 0
3 pi+ 374.4819548988062 0 pi+ 810.0890961670781 0 p 1525.4289489341159 0
3 pi+ 2247.902214226849 0 pi+ 369.1436480030756 0 p 92.95413777007539 0
3 pi+ 1463.077191497151 0 pi+ 128.9918060350301 0 p 1117.9310024678189 0
3 pi+ 1605.1448062254944 0 pi+ 39.60877504206421 0 p 1065.2464187324413 0
3 pi+ 2309.521479050288 0 pi+ 114.91385449193166 0 p 285.5646664577806 0
3 pi+ 864.5697560043745 0 pi+ 367.20486996835285 0 p 1478.2253740272727 0
3 pi+ 1057.043272933593 0 pi+ 1409.4459519237528 0 p 243.51077514265413 0
3 pi+ 1167.0124751591839 0 pi+ 191.91411120296777 0 p 1351.0734136378483 0
3 pi+ 990.3390102717323 0 pi+ 1264.3967971982895 0 p 455.2641925299783 0
3 pi+ 1202.1222377186687 0 pi+ 844.6882589060286 0 p 663.1895033753026 0
3 pi+ 140.70257159596744 0 pi+ 323.58083288338156 0 p 2245.716595520651 0
3 pi+ 2175.906685935344 0 pi+ 402.8830454800092 0 p 131.2102685846468 0
3 pi+ 224.9762315272133 0 pi+ 438.563964067944 0 p 2046.4598044048428 0
3 pi+ 787.8175411903943 0 pi+ 1178.679810992562 0 p 743.5026478170439 0
3 pi+ 574.6975247465206 0 pi+ 795.9326656136973 0 p 1339.369809639782 0
3 pi+ 210.2217047663928 0 pi+ 1909.0780984687115 0 p 590.7001967648957 0
3 pi+ 382.4769466612645 0 pi+ 270.1178100035854 0 p 2057.4052433351503 0
3 pi+ 318.8666774801817 0 pi+ 716.5087126942473 0 p 1674.624609825571 0
3 pi+ 626.2891156917234 0 pi+ 1833.379358960244 0 p 250.33152534803273 0
3 pi+ 206.55789984517398 0 pi+ 1934.5803691723531 0 p 568.8617309824729 0
3 pi+ 895.9506034793402 0 pi+ 598.4068297693826 0 p 1215.6425667512772 0
3 pi+ 352.885576230438 0 pi+ 1756.0150570993194 0 p 601.0993666702425 0
3 pi+ 148.0381492943511 0 pi+ 2140.657786353741 0 p 421.30406435190815 0
3 pi+ 918.303256973682 0 pi+ 1589.0853658078493 0 p 202.61137721846882 0
3 pi+ 1283.5740786006306 0 pi+ 1061.8595062792938 0 p 364.5664151200755 0
3 pi+ 198.63659267966045 0 pi+ 788.6921498965729 0 p 1722.6712574237665 0
3 pi+ 936.7515472145599 0 pi+ 1374.1697829131074 0 p 399.07866987233274 0
3 pi+ 830.1011054550473 0 pi+ 121.04393622186001 0 p 1758.8549583230927 0
3 pi+ 860.4269376616377 0 pi+ 1445.72866242411 0 p 403.8443999142522 0
3 pi+ 370.3821696102672 0 pi+ 145.60159517153076 0 p 2194.016235218202 0
3 pi+ 1897.9590957826708 0 pi+ 425.4838213945546 0 p 386.5570828227746 0
3 pi+ 2273.987212127671 0 pi+ 235.02065959309277 0 p 200.99212827923654 0
3 pi+ 1737.5639636172366 0 pi+ 960.616467302198 0 p 11.819569080565373 0
3 pi+ 1832.1463446418097 0 pi+ 728.4984741334305 0 p 149.35518122475983 0
3 pi+ 1153.280609480503 0 pi+ 352.75945205945317 0 p 1203.9599384600438 0
3 pi+ 204.89246844661392 0 pi+ 481.92778087768255 0 p 2023.1797506757036 0
3 pi+ 686.7667192021462 0 pi+ 1274.713945138237 0 p 748.5193356596168 0
3 pi+ 687.2050131606502 0 pi+ 871.9818322709257 0 p 1150.8131545684241 0
3 pi+ 48.23422458278702 0 pi+ 1689.254541207384 0 p 972.511234209829 0
3 pi+ 293.60471324456665 0 pi+ 782.6166212289736 0 p 1633.7786655264597 0
3 pi+ 661.7241816087623 0 pi+ 326.99497923893347 0 p 1721.2808391523042 0
3 pi+ 380.96808676273486 0 pi+ 1285.1122753512218 0 p 1043.9196378860433 0
3 pi+ 851.3401567101971 0 pi+ 1263.890293388866 0 p 594.769549900937 0
3 pi+ 54.37154485614708 0 pi+ 191.98960121893057 0 p 2463.6388539249224 0
3 pi+ 1197.666863696498 0 pi+ 1346.459560250948 0 p 165.8735760525541 0
3 pi+ 1187.154364620708 0 pi+ 527.8998036377187 0 p 994.9458317415732 0
3 pi+ 1156.597051475537 0 pi+ 137.8460754693783 0 p 1415.5568730550847 0
3 pi+ 1438.284642908283 0 pi+ 174.71556917102205 0 p 1096.9997879206949 0
3 pi+ 151.42480523981527 0 pi+ 1244.035567637508 0 p 1314.5396271226768 0
3 pi+ 413.5954222826967 0 pi+ 233.7731478053339 0 p 2062.6314299119695 0
3 pi+ 5.501631262325506 0 pi+ 2219.750749427393 0 p 484.7476193102815 0
3 pi+ 218.63650743798473 0 pi+ 628.4298249865792 0 p 1862.9336675754362 0
3 pi+ 1160.3724157097552 0 pi+ 1337.7323839215837 0 p 211.89520036866114 0
3 pi+ 1848.358006599596 0 pi+ 572.1226535245731 0 p 289.5193398758309 0
3 pi+ 455.80486532141157 0 pi+ 1470.142968976934 0 p 784.0521657016543 0
3 pi+ 437.82570148961133 0 pi+ 2171.1005686743842 0 p 101.07372983600449 0
3 pi+ 1109.8168032881692 0 pi+ 1144.0537916740677 0 p 456.1294050377629 0
3 pi+ 1933.8172851251193 0 pi+ 528.0743249434939 0 p 248.10838993138674 0
3 pi+ 400.12348869397806 0 pi+ 93.47427161301844 0 p 2216.4022396930036 0
3 pi+ 309.60275758108384 0 pi+ 2005.7137977111774 0 p 394.68344470773883 0
3 pi+ 1118.964388535419 0 pi+ 412.74075057435573 0 p 1178.2948608902254 0
3 pi+ 2031.4552370571178 0 pi+ 403.6208116092021 0 p 274.9239513336801 0
3 pi+ 1600.5739240358896 0 pi+ 1035.0788520609685 0 p 74.3472239031419 0
3 pi+ 1371.89709041502 0 pi+ 436.2009638929989 0 p 901.901945691981 0
3 pi+ 28.81833054087194 0 pi+ 1269.223907731267 0 p 1411.957761727861 0
3 pi+ 1444.2035320388206 0 pi+ 372.5596265188423 0 p 893.2368414423371 0
3 pi+ 586.3106325496398 0 pi+ 1604.176554746157 0 p 519.5128127042032 0
3 pi+ 650.3792932427418 0 pi+ 1155.4449465777154 0 p 904.1757601795427 0
3 pi+ 894.2036157932783 0 pi+ 764.4326981576385 0 p 1051.3636860490833 0