3 pi+ 719.6200049821598 0 pi+ 1080.3866325395174 0 p 909.9933624783228 0
3 pi+ 1362.528787818152 0 pi+ 1325.7246492188578 0 p 21.7465629629902 0
3 pi+ 750.7477264539795 0 pi+ 763.9917427122059 0 p 1195.2605308338145 0
3 pi+ 439.06250785688184 0 pi+ 1471.7996915289 0 p 799.1378006142181 0
3 pi+ 223.07350274589544 0 pi+ 567.5459565120184 0 p 1919.3805407420862 0
3 pi+ 1028.159320787952 0 pi+ 333.5022850067824 0 p 1348.3383942052656 0
3 pi+ 1025.4232274531253 0 pi+ 1378.9542800850165 0 p 305.6224924618582 0
3 pi+ 2152.837195142299 0 pi+ 99.00657318463865 0 p 458.15623167306234 0
3 pi+ 996.3901409393659 0 pi+ 454.7411149080914 0 p 1258.8687441525428 0
3 pi+ 1790.7447457194671 0 pi+ 748.5616259634533 0 p 170.6936283170796 0
3 pi+ 114.82300749660268 0 pi+ 2453.2010560230487 0 p 141.97593648034834 0
3 pi+ 966.6555086532555 0 pi+ 609.272225536032 0 p 1134.0722658107125 0
3 pi+ 2216.7696728474784 0 pi+ 174.9641869949613 0 p 318.26614015756024 0
3 pi+ 362.773146241661 0 pi+ 1499.5914056889974 0 p 847.6354480693416 0
3 pi+ 469.23335896617505 0 pi+ 1076.4465505049134 0 p 1164.3200905289116 0
3 pi+ 762.1394656892071 0 pi+ 1377.5029199665769 0 p 570.357614344216 0
3 pi+ 672.8579763670621 0 pi+ 474.98365155237553 0 p 1562.1583720805625 0
3 pi+ 29.965019164780593 0 pi+ 466.6984001583527 0 p 2213.3365806768666 0
3 pi+ 932.2813365308585 0 pi+ 1532.192937113647 0 p 245.52572635549433 0
3 pi+ 349.00712814661944 0 pi+ 121.73306668704419 0 p 2239.2598051663363 0
3 pi+ 434.5910233628518 0 pi+ 1055.5667454362444 0 p 1219.8422312009038 0
3 pi+ 132.85746096882383 0 pi+ 2246.813441577662 0 p 330.32909745351407 0
3 pi+ 251.7408728235692 0 pi+ 768.112526125875 0 p 1690.1466010505558 0
3 pi+ 729.1333721307191 0 pi+ 1793.8959937669852 0 p 186.97063410229578 0
3 pi+ 1180.0525764364666 0 pi+ 704.8719605863434 0 p 825.07546297719 0
3 pi+ 216.35033543820637 0 pi+ 2160.8849996009535 0 p 332.7646649608402 0
3 pi+ 269.9002138422926 0 pi+ 967.2810180867899 0 p 1472.8187680709175 0
3 pi+ 1092.6879289236604 0 pi+ 544.4619016608136 0 p 1072.850169415526 0
3 pi+ 936.3158694515557 0 pi+ 471.39928537251876 0 p 1302.2848451759255 0
3 pi+ 1051.2305296713637 0 pi+ 1485.0896270671267 0 p 173.67984326150963 0
3 pi+ 575.8439388182145 0 pi+ 725.7635704086009 0 p 1408.3924907731846 0
3 pi+ 758.4044132770397 0 pi+ 301.17431977251476 0 p 1650.4212669504457 0
3 pi+ 932.4276104388493 0 pi+ 53.211688252144214 0 p 1724.3607013090063 0
3 pi+ 1131.1824355116412 0 pi+ 792.250180229296 0 p 786.5673842590628 0
3 pi+ 855.4279061668261 0 pi+ 1115.8580838979888 0 p 738.7140099351852 0
3 pi+ 2008.3616010683884 0 pi+ 135.57161027988442 0 p 566.0667886517272 0
3 pi+ 726.6316145986075 0 pi+ 968.2050102742558 0 p 1015.1633751271369 0
3 pi+ 986.7818887015708 0 pi+ 1612.3198712320116 0 p 110.89824006641764 0
3 pi+ 938.891573585332 0 pi+ 217.92338142456518 0 p 1553.1850449901028 0
3 pi+ 800.7057333124101 0 pi+ 1475.493733869821 0 p 433.800532817769 0
3 pi+ 648.0392604909335 0 pi+ 1848.7189962260875 0 p 213.24174328297892 0
3 pi+ 349.8982444399017 0 pi+ 2138.365964080216 0 p 221.73579147988204 0
3 pi+ 8.680131318935555 0 pi+ 58.76793711807373 0 p 2642.551931562991 0
3 pi+ 903.9019500337463 0 pi+ 801.1802322239926 0 p 1004.9178177422611 0
3 pi+ 114.6920628216305 0 pi+ 1043.8106959334484 0 p 1551.497241244921 0
3 pi+ 32.38753648421337 0 pi+ 2069.0488316443293 0 p 608.5636318714573 0
3 pi+ 457.8337276938082 0 pi+ 47.09531216961028 0 p 2205.0709601365816 0
3 pi+ 161.31523956515295 0 pi+ 2079.0987627961645 0 p 469.5859976386825 0
3 pi+ 512.0416301835852 0 pi+ 946.6509277411338 0 p 1251.307442075281 0
3 pi+ 1083.4959664838418 0 pi+ 293.10915146243394 0 p 1333.3948820537241 0
3 pi+ 1422.1495607247475 0 pi+ 1111.929347384076 0 p 175.92109189117662 0
3 pi+ 8.730045200085014 0 pi+ 2681.0704029795484 0 p 20.199551820366814 0
3 pi+ 1054.3125289188579 0 pi+ 716.6438353494567 0 p 939.0436357316854 0
3 pi+ 1109.2708744390666 0 pi+ 18.160041529807398 0 p 1582.569084031126 0
3 pi+ 37.36130827583346 0 pi+ 949.8633573477338 0 p 1722.7753343764327 0
3 pi+ 1935.7506117295902 0 pi+ 37.9922689692533 0 p 736.2571193011564 0
3 pi+ 527.3905588908808 0 pi+ 1971.658103261161 0 p 210.95133784795843 0
3 pi+ 879.2095396081477 0 pi+ 1718.4614961148077 0 p 112.32896427704459 0
3 pi+ 324.36135786867965 0 pi+ 1248.8632924536944 0 p 1136.775349677626 0
3 pi+ 158.9966884263657 0 pi+ 1337.1135721039275 0 p 1213.889739469707 0
3 pi+ 981.7117393647883 0 pi+ 265.9091014720885 0 p 1462.3791591631232 0
3 pi+ 911.5147833603138 0 pi+ 1731.2249822668937 0 p 67.26023437279245 0
3 pi+ 542.0402285958357 0 pi+ 1061.807043819595 0 p 1106.1527275845692 0
3 pi+ 1138.5340630561636 0 pi+ 111.31794977315597 0 p 1460.1479871706804 0
3 pi+ 1080.9342869319248 0 pi+ 1081.2956605990116 0 p 547.7700524690637 0
3 pi+ 978.2991049727408 0 pi+ 1308.1421456920148 0 p 423.5587493352445 0
3 pi+ 879.3016376616457 0 pi+ 1301.0771746307253 0 p 529.6211877076291 0
3 pi+ 61.702554464438485 0 pi+ 2338.1406779383574 0 p 310.1567675972043 0
3 pi+ 53.5414277100765 0 pi+ 527.7003317518996 0 p 2128.758240538024 0
3 pi+ 1757.2428177430052 0 pi+ 861.9968408889187 0 p 90.76034136807628 0
3 pi+ 360.0647221855168 0 pi+ 513.6688639320831 0 p 1836.2664138824 0
3 pi+ 1026.6205984601554 0 pi+ 564.2359931138958 0 p 1119.1434084259488 0
3 pi+ 675.0011712281448 0 pi+ 1632.250128339453 0 p 402.74870043240213 0
3 pi+ 677.5405203817098 0 pi+ 656.8058618091966 0 p 1375.6536178090937 0
3 pi+ 1589.0741983641324 0 pi+ 948.7999808426707 0 p 172.12582079319688 0
3 pi+ 491.447175353306 0 pi+ 104.72640830939265 0 p 2113.8264163373015 0
3 pi+ 1585.735218211681 0 pi+ 922.1205051063093 0 p 202.14427668200963 0
3 pi+ 528.6928141981805 0 pi+ 589.1449044954754 0 p 1592.162281306344 0
3 pi+ 89.70118541593028 0 pi+ 317.4020196009865 0 p 2302.896794983083 0
3 pi+ 260.6381729933367 0 pi+ 1272.7012244301395 0 p 1176.6606025765238 0
3 pi+ 858.4610324005421 0 pi+ 948.8433918325221 0 p 902.6955757669358 0
3 pi+ 298.1580756173003 0 pi+ 1337.567105901336 0 p 1074.2748184813638 0
3 pi+ 149.4151048738005 0 pi+ 38.50881043403072 0 p 2522.076084692169 0
3 pi+ 1418.8841436108733 0 pi+ 831.4772773093542 0 p 459.63857907977246 0
3 pi+ 385.66106982472746 0 pi+ 1440.175482892327 0 p 884.1634472829456 0
3 pi+ 238.72109099415505 0 pi+ 2279.9747978792225 0 p 191.30411112662256 0
3 pi+ 1577.729869529037 0 pi+ 172.78532796113902 0 p 959.4848025098239 0
3 pi+ 47.47228234227461 0 pi+ 649.1216340933689 0 p 2013.4060835643565 0
3 pi+ 1209.799810423479 0 pi+ 1477.2897946940896 0 p 22.91039488243149 0
3 pi+ 353.8578303102191 0 pi+ 1504.7304782559668 0 p 851.4116914338141 0
3 pi+ 63.16780980694414 0 pi+ 101.77016609503812 0 p 2545.062024098018 0
3 pi+ 108.81400710803463 0 pi+ 2251.736484427677 0 p 349.44950846428804 0
3 pi+ 415.0628556443996 0 pi+ 1000.4898422415691 0 p 1294.4473021140313 0
3 pi+ 1221.1974145839804 0 pi+ 447.0521679315674 0 p 1041.750417484452 0
3 pi+ 885.8549978687232 0 pi+ 66.09432455552623 0 p 1758.0506775757506 0
3 pi+ 505.9381101371139 0 pi+ 1137.8933508793907 0 p 1066.1685389834954 0
3 pi+ 176.51063926900306 0 pi+ 2249.634277666502 0 p 283.8550830644952 0
3 pi+ 1193.9824706364166 0 pi+ 632.8734089423099 0 p 883.1441204212736 0
3 pi+ 430.54475114489395 0 pi+ 846.5141023983383 0 p 1432.9411464567677 0
3 pi+ 384.81943484509884 0 pi+ 1719.5588385343015 0 p 605.6217266205996 0