3 pi+ 215.6503700287958 0 pi+ 1185.947569438045 0 p 1308.402060533159 0
3 pi+ 536.2694726940994 0 pi+ 635.2411967407533 0 p 1538.4893305651474 0
3 pi+ 1934.6192491304885 0 pi+ 715.1155030020833 0 p 60.26524786742825 0
3 pi+ 1788.7005519170045 0 pi+ 866.4319979058104 0 p 54.867450177185 0
3 pi+ 857.6285356969024 0 pi+ 1118.4283309313896 0 p 733.9431333717079 0
3 pi+ 258.352454534489 0 pi+ 1578.5554208214257 0 p 873.0921246440853 0
3 pi+ 177.61107471384057 0 pi+ 1482.5865483843297 0 p 1049.8023769018296 0
3 pi+ 1666.7378527706128 0 pi+ 376.5404957015825 0 p 666.7216515278047 0
3 pi+ 1050.6298739737892 0 pi+ 1330.7366056735455 0 p 328.63352035266536 0
3 pi+ 1274.8033261396233 0 pi+ 540.7729801040138 0 p 894.4236937563628 0
3 pi+ 356.877574424113 0 pi+ 1472.0702334291843 0 p 881.0521921467027 0
3 pi+ 102.81226731105298 0 pi+ 2581.2061848166913 0 p 25.981547872255632 0
3 pi+ 2360.4365239853933 0 pi+ 17.47182264820985 0 p 332.091653366397 0
3 pi+ 176.0021494565281 0 pi+ 1168.1232720492449 0 p 1365.874578494227 0
3 pi+ 52.38484319306432 0 pi+ 2036.5109397832973 0 p 621.1042170236383 0
3 pi+ 1847.320646838176 0 pi+ 305.1503748639455 0 p 557.5289782978787 0
3 pi+ 2175.531630164089 0 pi+ 228.69175694501567 0 p 305.77661289089536 0
3 pi+ 1146.4692930340398 0 pi+ 166.98779883566078 0 p 1396.5429081302996 0
3 pi+ 996.5714011137165 0 pi+ 771.6775379605742 0 p 941.7510609257092 0
3 pi+ 281.87284247744907 0 pi+ 831.4320079049875 0 p 1596.6951496175634 0
3 pi+ 1760.7484821046967 0 pi+ 108.2651049861291 0 p 840.9864129091742 0
3 pi+ 878.246824185696 0 pi+ 998.652476267901 0 p 833.100699546403 0
3 pi+ 1210.075460118531 0 pi+ 738.3528924192015 0 p 761.5716474622675 0
3 pi+ 354.6002530756524 0 pi+ 17.968140555388246 0 p 2337.4316063689594 0
3 pi+ 544.8340892805829 0 pi+ 1276.2865379726807 0 p 888.8793727467364 0
3 pi+ 738.7567419046894 0 pi+ 729.2086849857483 0 p 1242.0345731095622 0
3 pi+ 1813.3998793492492 0 pi+ 460.7351041160463 0 p 435.86501653470464 0
3 pi+ 1976.2970153233373 0 pi+ 279.89233983079083 0 p 453.81064484587176 0
3 pi+ 1071.8411900287078 0 pi+ 842.2383722643659 0 p 795.9204377069264 0
3 pi+ 1554.2161408914174 0 pi+ 352.5350845836659 0 p 803.2487745249168 0
3 pi+ 2051.2252298062563 0 pi+ 234.75266625311522 0 p 424.0221039406283 0
3 pi+ 247.06563606759806 0 pi+ 1551.1189396889165 0 p 911.8154242434854 0
3 pi+ 1322.30010307867 0 pi+ 1109.3703751936978 0 p 278.32952172763214 0
3 pi+ 1421.4689885440223 0 pi+ 845.4997421180574 0 p 443.0312693379203 0
3 pi+ 2292.206484706356 0 pi+ 384.62776417801877 0 p 33.16575111562491 0
3 pi+ 1347.4452677248605 0 pi+ 637.2681719667814 0 p 725.2865603083579 0
3 pi+ 637.3115680296133 0 pi+ 2033.3306101675453 0 p 39.35782180284132 0
3 pi+ 448.96009073737935 0 pi+ 1538.1752721645612 0 p 722.8646370980595 0
3 pi+ 1275.679617370077 0 pi+ 938.5750095853381 0 p 495.7453730445849 0
3 pi+ 532.3192627455023 0 pi+ 1488.9663329920795 0 p 688.7144042624183 0
3 pi+ 309.18989293020866 0 pi+ 551.5460379840281 0 p 1849.2640690857631 0
3 pi+ 226.55767207084992 0 pi+ 1998.454820281205 0 p 484.9875076479451 0
3 pi+ 1412.0681087168248 0 pi+ 942.1690614373404 0 p 355.7628298458349 0
3 pi+ 1866.920296059171 0 pi+ 701.5587708645203 0 p 141.52093307630867 0
3 pi+ 510.5434203452756 0 pi+ 1078.047117589809 0 p 1121.4094620649155 0
3 pi+ 934.8378416513202 0 pi+ 140.76916495520857 0 p 1634.3929933934712 0
3 pi+ 265.42926419112524 0 pi+ 186.70082703960978 0 p 2257.869908769265 0
3 pi+ 1321.18276305809 0 pi+ 529.5615539864771 0 p 859.255682955433 0
3 pi+ 440.1331951619412 0 pi+ 1662.7311754081106 0 p 607.1356294299482 0
3 pi+ 837.1327567958892 0 pi+ 710.1594983395104 0 p 1162.7077448646005 0
3 pi+ 383.3753688216209 0 pi+ 185.8731607946526 0 p 2140.7514703837264 0
3 pi+ 1203.1804915860118 0 pi+ 1236.0926000811555 0 p 270.72690833283275 0
3 pi+ 626.1179395930342 0 pi+ 1552.399567359575 0 p 531.4824930473908 0
3 pi+ 2094.331425906559 0 pi+ 454.3096485067966 0 p 161.35892558664435 0
3 pi+ 221.06126489257736 0 pi+ 1640.5459007050865 0 p 848.3928344023362 0
3 pi+ 2293.2496487915882 0 pi+ 252.14485936666298 0 p 164.60549184174877 0
3 pi+ 944.2737563717933 0 pi+ 1682.571718933614 0 p 83.15452469459277 0
3 pi+ 657.4949748941063 0 pi+ 1777.6891881749139 0 p 274.8158369309797 0
3 pi+ 1737.8891263949693 0 pi+ 446.27321737236167 0 p 525.837656232669 0
3 pi+ 324.26937729248306 0 pi+ 1881.0179292714167 0 p 504.71269343610015 0
3 pi+ 585.8711292060126 0 pi+ 1517.9657574156963 0 p 606.1631133782912 0
3 pi+ 167.54527582572058 0 pi+ 673.2336789531964 0 p 1869.221045221083 0
3 pi+ 479.36276135670533 0 pi+ 1451.6513871011086 0 p 778.985851542186 0
3 pi+ 115.60094929698818 0 pi+ 2504.252706207476 0 p 90.14634449553598 0
3 pi+ 1277.638831207739 0 pi+ 760.8441407198048 0 p 671.5170280724561 0
3 pi+ 2049.9282289697167 0 pi+ 537.2157358771755 0 p 122.85603515310814 0
3 pi+ 1134.0784846553447 0 pi+ 335.5602441585655 0 p 1240.3612711860899 0
3 pi+ 763.8318773076346 0 pi+ 177.1511775384518 0 p 1769.0169451539136 0
3 pi+ 1659.0287785438027 0 pi+ 688.2674522790986 0 p 362.7037691770987 0
3 pi+ 1678.7001962648894 0 pi+ 666.0737493139959 0 p 365.2260544211147 0
3 pi+ 464.49234162775053 0 pi+ 431.50915056429744 0 p 1813.998507807952 0
3 pi+ 1974.237127481045 0 pi+ 574.1035453144212 0 p 161.65932720453367 0
3 pi+ 2015.2772041581109 0 pi+ 171.2250983143205 0 p 523.4976975275687 0
3 pi+ 219.1278669791637 0 pi+ 132.19292911318806 0 p 2358.679203907648 0
3 pi+ 717.05707718037 0 pi+ 1951.4695982427943 0 p 41.47332457683573 0
3 pi+ 736.5175665797614 0 pi+ 973.8560065014625 0 p 999.6264269187761 0
3 pi+ 509.59429567174817 0 pi+ 1430.146315563359 0 p 770.2593887648928 0
3 pi+ 1929.3128736404813 0 pi+ 493.30141814401895 0 p 287.38570821549973 0
3 pi+ 1194.3986278411028 0 pi+ 102.58421739546296 0 p 1413.0171547634343 0
3 pi+ 1195.820238331362 0 pi+ 493.779181699599 0 p 1020.4005799690391 0
3 pi+ 244.57188988508005 0 pi+ 1061.7672834000502 0 p 1403.6608267148697 0
3 pi+ 2489.8000973485846 0 pi+ 190.63525914439327 0 p 29.56464350702201 0
3 pi+ 334.35764274096283 0 pi+ 1753.661227938663 0 p 621.9811293203743 0
3 pi+ 1368.6798721466912 0 pi+ 438.55242589179363 0 p 902.7677019615152 0
3 pi+ 931.5805994573356 0 pi+ 462.75847339803954 0 p 1315.660927144625 0
3 pi+ 1495.8475233496922 0 pi+ 780.6842373277269 0 p 433.4682393225808 0
3 pi+ 658.7397836048602 0 pi+ 454.86731240788527 0 p 1596.3929039872544 0
3 pi+ 1935.0488333298263 0 pi+ 136.1888128117432 0 p 638.7623538584305 0
3 pi+ 1098.6218789229167 0 pi+ 913.6800140457805 0 p 697.6981070313028 0
3 pi+ 1689.3910666041322 0 pi+ 756.6752513469587 0 p 263.9336820489091 0
3 pi+ 545.1805938772949 0 pi+ 1438.4605697173245 0 p 726.3588364053805 0
3 pi+ 1025.3222394580187 0 pi+ 169.89195649274146 0 p 1514.78580404924 0
3 pi+ 472.66317219005293 0 pi+ 1561.2361534490544 0 p 676.1006743608926 0
3 pi+ 1582.0095445820114 0 pi+ 53.98729311017544 0 p 1074.0031623078132 0
3 pi+ 1236.6747149967907 0 pi+ 1448.8141350451217 0 p 24.511149958087618 0
3 pi+ 204.18735664658828 0 pi+ 1954.9716129863612 0 p 550.8410303670505 0
3 pi+ 129.02069028785132 0 pi+ 1118.3834003211384 0 p 1462.5959093910103 0
3 pi+ 317.0322893509725 0 pi+ 362.19175919062224 0 p 2030.7759514584052 0
3 pi+ 1497.7624679522517 0 pi+ 621.4969098000734 0 p 590.740622247675 0
3 pi+ 1086.4691265501167 0 pi+ 901.4018447031368 0 p 722.1290287467464 0