3 pi+ 75.00794092251635 0 pi+ 446.09743993309775 0 p 2188.894619144386 0
3 pi+ 1865.331220832844 0 pi+ 158.38432851649722 0 p 686.2844506506586 0
3 pi+ 1674.102688287594 0 pi+ 251.50101316334658 0 p 784.3962985490595 0
3 pi+ 1210.061819481596 0 pi+ 1083.3088917101609 0 p 416.6292888082432 0
3 pi+ 527.069619483596 0 pi+ 756.796638643839 0 p 1426.1337418725652 0
3 pi+ 1348.9534249895269 0 pi+ 703.0887082148314 0 p 657.9578667956417 0
3 pi+ 286.25792350615444 0 pi+ 1391.543763205876 0 p 1032.1983132879695 0
3 pi+ 1060.0507767138895 0 pi+ 468.6503038617594 0 p 1181.298919424351 0
3 pi+ 561.036335091999 0 pi+ 99.07033021400203 0 p 2049.893334693999 0
3 pi+ 1648.8475312285934 0 pi+ 422.1486431804129 0 p 639.0038255909938 0
3 pi+ 2285.7004876230258 0 pi+ 133.28956937479617 0 p 291.0099430021781 0
3 pi+ 1036.587022684924 0 pi+ 489.48956945546456 0 p 1183.9234078596114 0
3 pi+ 1466.9489167025552 0 pi+ 54.927830076855436 0 p 1188.1232532205893 0
3 pi+ 1420.0937113825398 0 pi+ 785.1480168419672 0 p 504.7582717754929 0
3 pi+ 671.7753205787125 0 pi+ 55.38164731558626 0 p 1982.8430321057012 0
3 pi+ 1651.4748040773595 0 pi+ 207.02504380872244 0 p 851.500152113918 0
3 pi+ 679.5478495508248 0 pi+ 1108.5554638173026 0 p 921.8966866318725 0
3 pi+ 364.9814291881869 0 pi+ 696.0429587747303 0 p 1648.9756120370828 0
3 pi+ 608.2651849004868 0 pi+ 560.1344744261786 0 p 1541.6003406733346 0
3 pi+ 967.1875281002369 0 pi+ 587.3913310695789 0 p 1155.4211408301842 0
3 pi+ 2073.9921704697686 0 pi+ 174.26002632261049 0 p 461.7478032076212 0
3 pi+ 933.2864265580241 0 pi+ 890.3230938807093 0 p 886.3904795612667 0
3 pi+ 1895.3794653497791 0 pi+ 192.46554236613503 0 p 622.1549922840858 0
3 pi+ 859.3592390215123 0 pi+ 1765.2091650984355 0 p 85.43159588005211 0
3 pi+ 1211.979533837298 0 pi+ 337.78869990907924 0 p 1160.2317662536227 0
3 pi+ 1850.8134842840107 0 pi+ 480.81979671941076 0 p 378.36671899657847 0
3 pi+ 372.0877249383408 0 pi+ 1979.3658974071607 0 p 358.5463776544985 0
3 pi+ 300.2221653196266 0 pi+ 979.2060200927018 0 p 1430.5718145876717 0
3 pi+ 295.3211686910795 0 pi+ 57.449148759847965 0 p 2357.2296825490725 0
3 pi+ 492.68275067636023 0 pi+ 1912.5588972511002 0 p 304.7583520725396 0
3 pi+ 1669.627177711482 0 pi+ 114.47525534203116 0 p 925.8975669464868 0
3 pi+ 675.0940235017803 0 pi+ 2003.6613939814736 0 p 31.244582516746274 0
3 pi+ 61.21477452640279 0 pi+ 788.6404773823465 0 p 1860.1447480912507 0
3 pi+ 954.9119151722473 0 pi+ 800.2134077164302 0 p 954.8746771113224 0
3 pi+ 894.9096973010508 0 pi+ 241.14566800483533 0 p 1573.944634694114 0
3 pi+ 728.4799098275838 0 pi+ 1283.5125788340233 0 p 698.0075113383929 0
3 pi+ 1297.2372323168327 0 pi+ 138.44107375075555 0 p 1274.3216939324118 0
3 pi+ 1687.7114295735119 0 pi+ 1012.6932814421076 0 p 9.595288984380511 0
3 pi+ 701.5467818233647 0 pi+ 1402.1600337143711 0 p 606.2931844622642 0
3 pi+ 268.93906987210335 0 pi+ 1687.3798151984547 0 p 753.6811149294418 0
3 pi+ 485.3899406743713 0 pi+ 612.6169723402514 0 p 1611.9930869853772 0
3 pi+ 1019.2793825669268 0 pi+ 426.2568603838935 0 p 1264.4637570491798 0
3 pi+ 632.8054756763984 0 pi+ 1674.1099203580327 0 p 403.08460396556876 0
3 pi+ 59.52083441568816 0 pi+ 2058.440817971432 0 p 592.03834761288 0
3 pi+ 573.5278689357896 0 pi+ 1129.7203249150489 0 p 1006.7518061491617 0
3 pi+ 161.82710561348082 0 pi+ 1961.222361994753 0 p 586.9505323917662 0
3 pi+ 6.436912511708038 0 pi+ 1661.5670406783197 0 p 1041.9960468099723 0
3 pi+ 113.46862999854562 0 pi+ 1864.3742480008289 0 p 732.1571220006256 0
3 pi+ 26.93202535803063 0 pi+ 1490.2436482771873 0 p 1192.824326364782 0
3 pi+ 817.0300911245571 0 pi+ 1779.6154239409925 0 p 113.35448493445051 0
3 pi+ 327.78190058116013 0 pi+ 1775.63851307677 0 p 606.5795863420698 0
3 pi+ 608.9005013024237 0 pi+ 800.5176396416632 0 p 1300.5818590559131 0
3 pi+ 955.8580047870332 0 pi+ 86.29735172286057 0 p 1667.8446434901061 0
3 pi+ 380.57714848927566 0 pi+ 1676.8549029530047 0 p 652.5679485577195 0
3 pi+ 1749.0543028772527 0 pi+ 184.11512137439908 0 p 776.8305757483482 0
3 pi+ 95.83617181254802 0 pi+ 493.3621025759699 0 p 2120.801725611482 0
3 pi+ 2237.25615716434 0 pi+ 459.19972099665415 0 p 13.544121839005573 0
3 pi+ 332.4472861195019 0 pi+ 571.885868361432 0 p 1805.666845519066 0
3 pi+ 1538.206248078327 0 pi+ 514.0164177235681 0 p 657.7773341981048 0
3 pi+ 1048.3168235338237 0 pi+ 1500.1426412905462 0 p 161.54053517563003 0
3 pi+ 27.569431597730574 0 pi+ 2009.6797484225954 0 p 672.7508199796741 0
3 pi+ 1316.9241081160674 0 pi+ 722.0022126114605 0 p 671.0736792724722 0
3 pi+ 1533.3711923775627 0 pi+ 463.42996819815414 0 p 713.1988394242833 0
3 pi+ 523.9198027430555 0 pi+ 1081.1977440289377 0 p 1104.8824532280069 0
3 pi+ 1647.318818854751 0 pi+ 653.6558657948783 0 p 409.0253153503706 0
3 pi+ 323.8892962461447 0 pi+ 223.6852251882766 0 p 2162.425478565579 0
3 pi+ 827.196830271067 0 pi+ 380.74086169166867 0 p 1502.0623080372643 0
3 pi+ 142.3673165406734 0 pi+ 373.3787549935905 0 p 2194.253928465736 0
3 pi+ 447.89450803532424 0 pi+ 1234.308137354805 0 p 1027.7973546098708 0
3 pi+ 50.654346887957566 0 pi+ 338.7759648480109 0 p 2320.5696882640314 0
3 pi+ 59.25924882331994 0 pi+ 1683.2911280357762 0 p 967.449623140904 0
3 pi+ 118.44391180107212 0 pi+ 1902.0067559670597 0 p 689.5493322318681 0
3 pi+ 1697.1535921986617 0 pi+ 298.7116023910663 0 p 714.1348054102718 0
3 pi+ 426.6886970384012 0 pi+ 704.1292640011419 0 p 1579.1820389604568 0
3 pi+ 778.7599053855449 0 pi+ 154.06492370092386 0 p 1777.1751709135312 0
3 pi+ 788.9374710693221 0 pi+ 1314.2074823546068 0 p 606.8550465760711 0
3 pi+ 644.6235093847216 0 pi+ 1397.219488316364 0 p 668.1570022989143 0
3 pi+ 1199.896004180458 0 pi+ 634.0047428350068 0 p 876.0992529845353 0
3 pi+ 130.53379567290045 0 pi+ 335.2539706207237 0 p 2244.212233706376 0
3 pi+ 651.0073546337269 0 pi+ 1256.590609529514 0 p 802.4020358367591 0
3 pi+ 57.54244587135124 0 pi+ 680.2145583672885 0 p 1972.2429957613601 0
3 pi+ 278.149362144147 0 pi+ 1167.894265013353 0 p 1263.9563728424998 0
3 pi+ 1687.484923557274 0 pi+ 806.3822646973415 0 p 216.13281174538454 0
3 pi+ 242.09874856088456 0 pi+ 777.3646619809023 0 p 1690.5365894582133 0
3 pi+ 1302.271857499218 0 pi+ 846.5564375568216 0 p 561.1717049439605 0
3 pi+ 1669.246765167331 0 pi+ 979.3301308397498 0 p 61.42310399291919 0
3 pi+ 1435.7104052241198 0 pi+ 857.19210737335 0 p 417.0974874025301 0
3 pi+ 1291.5634357729982 0 pi+ 583.3657296713304 0 p 835.0708345556714 0
3 pi+ 515.8677223465552 0 pi+ 1024.790878810653 0 p 1169.3413988427917 0
3 pi+ 2221.2688695277657 0 pi+ 202.8837867838361 0 p 285.8473436883982 0
3 pi+ 302.10096600872276 0 pi+ 33.12018657690859 0 p 2374.7788474143686 0
3 pi+ 1326.480032580548 0 pi+ 140.30729685988857 0 p 1243.2126705595635 0
3 pi+ 431.71305496782315 0 pi+ 788.2379707005043 0 p 1490.0489743316725 0
3 pi+ 485.4988932732912 0 pi+ 780.9419979024362 0 p 1443.5591088242725 0
3 pi+ 461.88295033742264 0 pi+ 895.7495351873707 0 p 1352.3675144752067 0
3 pi+ 2553.1190242673456 0 pi+ 70.44305007899064 0 p 86.43792565366371 0
3 pi+ 370.9696655110617 0 pi+ 1802.4620629159033 0 p 536.5682715730351 0
3 pi+ 816.3392759724857 0 pi+ 603.5574495830228 0 p 1290.1032744444915 0
3 pi+ 481.2363971599873 0 pi+ 1342.6834152430674 0 p 886.0801875969453 0
3 pi+ 2198.8790734506492 0 pi+ 15.782255373961062 0 p 495.3386711753898 0